1 0.335907 0.066514 0.015030 0.007314
20 0.070826 0.680457 0.020177 0.014171
11 0.515750 0.571543 0.100885 0.395200
15 0.883467 0.035314 0.020589 0.013486
3 0.589561 0.526286 0.007206 0.017143
11 0.662652 0.060343 0.355981 0.112000
12 0.851966 0.557943 0.007000 0.014171
14 0.910644 0.472114 0.007000 0.007543
18 0.581944 0.865600 0.018324 0.013257
18 0.205168 0.489371 0.018324 0.013257
3 0.395409 0.595086 0.015442 0.008000
17 0.450484 0.474171 0.012765 0.018971
13 0.137431 0.345714 0.018736 0.023086
19 0.314597 0.359771 0.012765 0.007771
19 0.451102 0.394057 0.007000 0.014171
11 0.252625 0.270971 0.100885 0.395200
19 0.819642 0.698743 0.012765 0.007771
14 0.831172 0.346171 0.007000 0.007543
20 0.101297 0.991314 0.020177 0.014171
17 0.670373 0.336571 0.012765 0.018971
18 0.028927 0.401143 0.018324 0.013257
16 0.323142 0.501714 0.015030 0.019200
11 0.271567 0.736571 0.100885 0.395200
11 0.499176 0.239543 0.355981 0.112000
8 0.019559 0.337714 0.006588 0.014400