14 0.106959 0.740114 0.006794 0.007771
2 0.884291 0.557600 0.015236 0.008000
17 0.535310 0.653829 0.012765 0.018971
1 0.684579 0.843771 0.006588 0.016686
10 0.604488 0.780571 0.044472 0.046629
10 0.678608 0.260571 0.042001 0.049371
20 0.869261 0.595657 0.012765 0.022400
20 0.053325 0.495543 0.012765 0.022400
11 0.603974 0.159314 0.355981 0.112000
2 0.216389 0.093371 0.015236 0.008000
6 0.773626 0.638171 0.018736 0.007314
11 0.473235 0.336000 0.355981 0.112000
13 0.647210 0.983429 0.020795 0.020800
11 0.482499 0.481143 0.355981 0.112000
6 0.141445 0.182971 0.006588 0.020800
2 0.995573 0.980114 0.007206 0.016914
16 0.750875 0.924914 0.017295 0.016686
17 0.826127 0.864000 0.017089 0.014171
8 0.364937 0.856229 0.012971 0.007314
19 0.206506 0.768914 0.012765 0.007771
6 0.890982 0.290514 0.018736 0.007314
6 0.505147 0.913371 0.018736 0.007314
1 0.085238 0.579543 0.006588 0.016686
13 0.013897 0.239429 0.020795 0.020800
21 0.821598 0.588229 0.020383 0.016686