18 0.815730 0.417943 0.011942 0.020343
2 0.115503 0.828686 0.015236 0.008000
9 0.841260 0.244000 0.013177 0.011657
11 0.442866 0.304571 0.100885 0.395200
2 0.981573 0.602514 0.007206 0.016914
2 0.441631 0.034171 0.015236 0.008000
15 0.599959 0.211086 0.020589 0.013486
20 0.354128 0.616914 0.020177 0.014171
15 0.725242 0.541486 0.012147 0.022857
8 0.571443 0.767771 0.012971 0.007314
15 0.276405 0.701029 0.012147 0.022857
2 0.186741 0.399886 0.015236 0.008000
14 0.365864 0.713029 0.007000 0.007543
2 0.137945 0.424343 0.015236 0.008000
20 0.919086 0.234057 0.020177 0.014171
20 0.544575 0.511086 0.020177 0.014171
10 0.576488 0.478400 0.044472 0.046629
15 0.412497 0.844571 0.012147 0.022857
15 0.616945 0.917943 0.012147 0.022857
11 0.671093 0.679314 0.355981 0.112000
8 0.535825 0.224457 0.012971 0.007314