1 0.768993 0.512571 0.006588 0.016686
1 0.551163 0.250400 0.006588 0.016686
10 0.565987 0.128457 0.042001 0.049371
3 0.676240 0.486286 0.007206 0.017143
9 0.155549 0.045714 0.010500 0.014629
10 0.280832 0.250286 0.042001 0.049371
13 0.230698 0.683771 0.018736 0.023086
6 0.754581 0.737029 0.006588 0.020800
19 0.718962 0.693257 0.012765 0.007771
9 0.872349 0.645600 0.013177 0.011657
18 0.844451 0.989029 0.018324 0.013257
3 0.514206 0.282171 0.015442 0.008000
8 0.885526 0.807886 0.006588 0.014400
13 0.875129 0.212914 0.018736 0.023086
20 0.605724 0.488229 0.012765 0.022400
3 0.310377 0.345029 0.015442 0.008000
16 0.536854 0.861486 0.015030 0.019200
18 0.365143 0.353143 0.018324 0.013257
3 0.735125 0.041943 0.007206 0.017143
1 0.779288 0.766743 0.006588 0.016686
19 0.672432 0.570514 0.012765 0.007771
3 0.030369 0.360800 0.007206 0.017143
1 0.738110 0.365600 0.006588 0.016686
3 0.719271 0.044686 0.015442 0.008000
6 0.821289 0.893143 0.006588 0.020800