12 0.424336 0.616686 0.012765 0.007771
17 0.976014 0.016457 0.017089 0.014171
17 0.858863 0.069943 0.017089 0.014171
17 0.769405 0.936800 0.012765 0.018971
11 0.361643 0.180114 0.355981 0.112000
15 0.032839 0.909714 0.012147 0.022857
13 0.776508 0.879886 0.018736 0.023086
8 0.789479 0.006171 0.012971 0.007314
3 0.503706 0.805829 0.007206 0.017143
12 0.142887 0.632457 0.012765 0.007771
2 0.094503 0.211771 0.015236 0.008000
16 0.625386 0.337600 0.015030 0.019200
21 0.243463 0.635314 0.020383 0.016686
11 0.812950 0.753371 0.355981 0.112000
11 0.231316 0.405029 0.355981 0.112000
15 0.798950 0.558629 0.012147 0.022857
18 0.323451 0.867314 0.011942 0.020343
3 0.133313 0.213143 0.007206 0.017143
9 0.883364 0.049600 0.010500 0.014629
13 0.809656 0.659543 0.020795 0.020800
17 0.043442 0.444457 0.012765 0.018971
20 0.556722 0.921371 0.012765 0.022400
20 0.962940 0.258057 0.012765 0.022400
13 0.637533 0.549829 0.020795 0.020800
2 0.274758 0.542400 0.007206 0.016914