6 0.949763 0.738400 0.006588 0.020800
11 0.129504 0.554629 0.100885 0.395200
16 0.938748 0.110171 0.015030 0.019200
1 0.383570 0.696800 0.006588 0.016686
21 0.506177 0.848571 0.020383 0.016686
9 0.871834 0.230629 0.010500 0.014629
16 0.226786 0.310857 0.015030 0.019200
12 0.073708 0.291657 0.012765 0.007771
14 0.830760 0.674171 0.007000 0.007543
3 0.317789 0.978629 0.015442 0.008000
3 0.380791 0.403314 0.015442 0.008000
14 0.950072 0.020343 0.006794 0.007771
6 0.070414 0.611314 0.006588 0.020800
16 0.441219 0.537714 0.017295 0.016686
1 0.874923 0.956114 0.015030 0.007314
18 0.549413 0.968686 0.018324 0.013257
3 0.363084 0.802857 0.007206 0.017143
6 0.124768 0.298171 0.006588 0.020800
1 0.131048 0.105143 0.015030 0.007314
9 0.441322 0.770514 0.010500 0.014629
16 0.035928 0.738743 0.015030 0.019200
6 0.085958 0.139429 0.018736 0.007314
15 0.744184 0.725486 0.012147 0.022857
16 0.908380 0.420000 0.017295 0.016686
8 0.249434 0.561600 0.012971 0.007314