18 0.470558 0.220800 0.018324 0.013257
1 0.355878 0.659429 0.015030 0.007314
21 0.975602 0.469600 0.015030 0.022629
9 0.918262 0.836457 0.013177 0.011657
2 0.186123 0.722171 0.015236 0.008000
2 0.603356 0.593371 0.007206 0.016914
14 0.788758 0.250400 0.007000 0.007543
3 0.171608 0.857029 0.015442 0.008000
13 0.803891 0.444229 0.020795 0.020800
11 0.663372 0.564457 0.100885 0.395200
9 0.771052 0.918514 0.013177 0.011657
1 0.781141 0.328114 0.006588 0.016686
13 0.867099 0.203086 0.020795 0.020800
16 0.945337 0.142400 0.015030 0.019200
13 0.412703 0.466629 0.020795 0.020800
21 0.582149 0.401029 0.015030 0.022629
17 0.924645 0.451543 0.012765 0.018971
9 0.197962 0.874057 0.010500 0.014629
14 0.522854 0.763657 0.006794 0.007771
3 0.559914 0.929486 0.015442 0.008000
2 0.254890 0.283314 0.015236 0.008000
18 0.338995 0.391543 0.018324 0.013257
14 0.736669 0.648343 0.007000 0.007543
3 0.222668 0.554629 0.015442 0.008000
2 0.008853 0.676457 0.015236 0.008000