21 0.141754 0.148914 0.020383 0.016686
19 0.793082 0.728000 0.007000 0.014171
10 0.546840 0.874743 0.042001 0.049371
8 0.372246 0.687886 0.006588 0.014400
16 0.683550 0.360114 0.017295 0.016686
12 0.251802 0.870171 0.007000 0.014171
6 0.318715 0.509829 0.006588 0.020800
1 0.455322 0.225143 0.015030 0.007314
21 0.679535 0.948457 0.020383 0.016686
20 0.171299 0.103086 0.012765 0.022400
16 0.326848 0.763429 0.015030 0.019200
9 0.879864 0.818971 0.010500 0.014629
6 0.379555 0.219200 0.018736 0.007314
2 0.114577 0.197486 0.007206 0.016914
12 0.667284 0.739429 0.012765 0.007771
6 0.844451 0.388800 0.018736 0.007314
9 0.492279 0.011543 0.013177 0.011657
6 0.518221 0.457029 0.006588 0.020800
9 0.244287 0.031086 0.010500 0.014629
19 0.136092 0.323429 0.012765 0.007771
1 0.831069 0.466971 0.015030 0.007314
19 0.391394 0.987429 0.012765 0.007771
20 0.175005 0.581486 0.012765 0.022400