3 0.344348 0.185486 0.015442 0.008000
1 0.806156 0.219886 0.015030 0.007314
13 0.162961 0.737029 0.018736 0.023086
9 0.756949 0.090743 0.010500 0.014629
12 0.955116 0.122286 0.007000 0.014171
8 0.586267 0.778743 0.012971 0.007314
11 0.629504 0.699200 0.355981 0.112000
19 0.139386 0.743086 0.012765 0.007771
2 0.206403 0.849143 0.007206 0.016914
9 0.330142 0.243429 0.010500 0.014629
2 0.344142 0.285257 0.007206 0.016914
12 0.941734 0.751086 0.007000 0.014171
21 0.030986 0.986629 0.020383 0.016686
17 0.184476 0.198514 0.012765 0.018971
13 0.829216 0.896114 0.020795 0.020800
2 0.068870 0.749486 0.007206 0.016914
14 0.037369 0.636343 0.006794 0.007771
13 0.393762 0.262971 0.018736 0.023086
13 0.463764 0.791886 0.018736 0.023086
3 0.824686 0.971086 0.015442 0.008000
15 0.120856 0.589143 0.020589 0.013486
20 0.299362 0.372114 0.012765 0.022400
10 0.107474 0.698057 0.044472 0.046629
10 0.231007 0.080457 0.044472 0.046629
11 0.642887 0.383314 0.355981 0.112000