15 0.486823 0.062629 0.012147 0.022857
16 0.381923 0.429829 0.017295 0.016686
10 0.035825 0.912229 0.042001 0.049371
8 0.383879 0.476114 0.012971 0.007314
13 0.724007 0.716457 0.018736 0.023086
15 0.884188 0.754971 0.012147 0.022857
6 0.956249 0.532800 0.018736 0.007314
13 0.475499 0.620229 0.018736 0.023086
12 0.321186 0.287771 0.007000 0.014171
20 0.549104 0.269029 0.020177 0.014171
1 0.713300 0.761143 0.015030 0.007314
16 0.587400 0.424571 0.017295 0.016686
21 0.862981 0.573371 0.015030 0.022629
9 0.500618 0.189943 0.010500 0.014629
19 0.569487 0.174171 0.007000 0.014171
11 0.677167 0.441486 0.100885 0.395200
13 0.987956 0.144800 0.018736 0.023086
19 0.897056 0.565714 0.007000 0.014171
17 0.346201 0.648686 0.017089 0.014171
17 0.250051 0.599314 0.017089 0.014171
9 0.533766 0.115886 0.010500 0.014629
1 0.975088 0.304800 0.006588 0.016686
19 0.734816 0.810971 0.007000 0.014171
16 0.071134 0.382857 0.015030 0.019200
15 0.040354 0.014286 0.020589 0.013486