11 0.267861 0.293600 0.100885 0.395200
16 0.084517 0.567771 0.015030 0.019200
13 0.740684 0.262057 0.018736 0.023086
14 0.281347 0.759086 0.006794 0.007771
1 0.359481 0.049257 0.006588 0.016686
20 0.639078 0.490057 0.012765 0.022400
21 0.189726 0.048114 0.015030 0.022629
2 0.803685 0.295086 0.007206 0.016914
10 0.730698 0.213714 0.042001 0.049371
20 0.872761 0.227429 0.020177 0.014171
13 0.347231 0.502743 0.020795 0.020800
20 0.508133 0.307200 0.020177 0.014171
2 0.561149 0.447543 0.007206 0.016914
1 0.975808 0.928686 0.015030 0.007314
8 0.177167 0.482743 0.012971 0.007314
11 0.066708 0.326971 0.100885 0.395200
9 0.163270 0.703429 0.013177 0.011657
14 0.461705 0.725943 0.006794 0.007771
19 0.194153 0.255086 0.007000 0.014171
2 0.709286 0.907771 0.015236 0.008000
18 0.820671 0.924000 0.011942 0.020343
6 0.450587 0.592000 0.018736 0.007314
1 0.573811 0.980229 0.006588 0.016686
20 0.429277 0.909257 0.020177 0.014171
15 0.951822 0.108914 0.020589 0.013486