6 0.421865 0.309371 0.006588 0.020800
14 0.272082 0.936686 0.006794 0.007771
20 0.049001 0.175543 0.020177 0.014171
16 0.603665 0.099314 0.017295 0.016686
2 0.485382 0.023543 0.007206 0.016914
6 0.689417 0.688686 0.018736 0.007314
2 0.614886 0.548800 0.007206 0.016914
3 0.203932 0.249486 0.007206 0.017143
6 0.950072 0.688229 0.018736 0.007314
8 0.082870 0.076343 0.012971 0.007314
8 0.254478 0.972457 0.006588 0.014400
8 0.666049 0.567429 0.006588 0.014400
14 0.952749 0.565029 0.006794 0.007771
19 0.708874 0.579886 0.012765 0.007771
1 0.089767 0.907771 0.006588 0.016686
9 0.254375 0.460800 0.010500 0.014629
2 0.035516 0.834057 0.007206 0.016914
14 0.695388 0.943314 0.006794 0.007771
19 0.239242 0.975086 0.012765 0.007771
10 0.908380 0.728686 0.044472 0.046629
14 0.924851 0.667086 0.007000 0.007543
12 0.476838 0.562743 0.012765 0.007771
11 0.400041 0.655200 0.100885 0.395200
14 0.488779 0.231886 0.007000 0.007543
21 0.254375 0.555086 0.015030 0.022629