18 0.578752 0.058629 0.011942 0.020343
18 0.179123 0.033029 0.011942 0.020343
3 0.865864 0.483771 0.015442 0.008000
15 0.323862 0.461829 0.020589 0.013486
8 0.992279 0.819657 0.012971 0.007314
20 0.990735 0.283657 0.012765 0.022400
8 0.628474 0.018743 0.012971 0.007314
20 0.406630 0.960686 0.012765 0.022400
21 0.348054 0.385029 0.020383 0.016686
3 0.566090 0.632343 0.015442 0.008000
13 0.081429 0.938857 0.020795 0.020800
11 0.357731 0.279771 0.355981 0.112000
19 0.640313 0.388114 0.012765 0.007771
16 0.024192 0.147657 0.015030 0.019200
15 0.748713 0.375314 0.012147 0.022857
15 0.379452 0.497257 0.020589 0.013486
9 0.335701 0.047543 0.010500 0.014629
9 0.238007 0.715314 0.013177 0.011657
6 0.408277 0.702514 0.006588 0.020800
15 0.120445 0.228457 0.020589 0.013486
8 0.326539 0.715314 0.006588 0.014400
15 0.088120 0.360800 0.020589 0.013486
21 0.099959 0.532686 0.020383 0.016686
8 0.356187 0.159429 0.006588 0.014400
19 0.861231 0.733714 0.007000 0.014171