15 0.755302 0.448686 0.012147 0.022857
19 0.593782 0.805029 0.012765 0.007771
19 0.655343 0.554057 0.012765 0.007771
10 0.236566 0.957029 0.042001 0.049371
3 0.291023 0.839429 0.015442 0.008000
6 0.360099 0.329486 0.006588 0.020800
3 0.273729 0.619771 0.007206 0.017143
16 0.810686 0.240000 0.015030 0.019200
8 0.155652 0.630286 0.006588 0.014400
11 0.694050 0.798743 0.100885 0.395200
21 0.387173 0.493371 0.020383 0.016686
6 0.326642 0.221029 0.018736 0.007314
15 0.983323 0.009714 0.020589 0.013486
13 0.626004 0.246743 0.020795 0.020800
20 0.673049 0.028343 0.012765 0.022400
21 0.376673 0.947086 0.015030 0.022629
18 0.545810 0.588457 0.011942 0.020343
20 0.501544 0.712229 0.020177 0.014171
2 0.383055 0.106743 0.007206 0.016914
9 0.275067 0.046057 0.013177 0.011657
21 0.597591 0.741143 0.020383 0.016686
16 0.336525 0.746743 0.015030 0.019200
6 0.522030 0.860343 0.018736 0.007314
9 0.496088 0.278400 0.010500 0.014629
10 0.269920 0.729600 0.042001 0.049371