1 0.153181 0.874171 0.006588 0.016686
10 0.697344 0.827657 0.042001 0.049371
12 0.962940 0.223543 0.012765 0.007771
1 0.836730 0.230057 0.006588 0.016686
11 0.535928 0.660229 0.100885 0.395200
16 0.485897 0.362857 0.017295 0.016686
17 0.403541 0.853829 0.012765 0.018971
11 0.250257 0.065600 0.355981 0.112000
19 0.361334 0.725029 0.007000 0.014171
17 0.945645 0.119429 0.012765 0.018971
2 0.435248 0.948686 0.015236 0.008000
16 0.986514 0.345371 0.015030 0.019200
12 0.792876 0.253943 0.007000 0.014171
3 0.446881 0.222743 0.015442 0.008000
14 0.611489 0.809029 0.007000 0.007543
13 0.881305 0.597600 0.018736 0.023086
17 0.263640 0.830857 0.017089 0.014171
2 0.063928 0.888914 0.007206 0.016914
12 0.838172 0.083429 0.007000 0.014171
18 0.781038 0.929600 0.018324 0.013257
6 0.598826 0.178743 0.018736 0.007314
10 0.880173 0.533943 0.044472 0.046629
10 0.724521 0.167086 0.044472 0.046629
11 0.094091 0.463657 0.100885 0.395200
6 0.554972 0.291429 0.018736 0.007314