18 0.232963 0.265829 0.018324 0.013257
20 0.261272 0.616000 0.020177 0.014171
3 0.660799 0.439886 0.015442 0.008000
16 0.476426 0.174057 0.017295 0.016686
9 0.952852 0.237600 0.013177 0.011657
21 0.969220 0.988229 0.015030 0.022629
10 0.223801 0.361143 0.042001 0.049371
1 0.145975 0.608114 0.006588 0.016686
16 0.580708 0.827886 0.015030 0.019200
9 0.650813 0.487200 0.013177 0.011657
3 0.488882 0.273486 0.015442 0.008000
9 0.693432 0.322629 0.013177 0.011657
2 0.106238 0.561943 0.015236 0.008000
16 0.442351 0.712686 0.015030 0.019200
6 0.834672 0.962629 0.006588 0.020800
20 0.543134 0.881371 0.012765 0.022400
21 0.404262 0.043086 0.020383 0.016686
12 0.418777 0.242057 0.007000 0.014171
13 0.250463 0.709371 0.020795 0.020800
21 0.946366 0.854057 0.020383 0.016686
2 0.289891 0.004914 0.015236 0.008000
2 0.648754 0.661829 0.015236 0.008000
10 0.293185 0.155429 0.042001 0.049371
13 0.948837 0.533600 0.020795 0.020800
17 0.584105 0.498857 0.012765 0.018971