19 0.876467 0.237257 0.012765 0.007771
13 0.876158 0.286286 0.020795 0.020800
17 0.598003 0.056914 0.017089 0.014171
17 0.659769 0.159771 0.017089 0.014171
15 0.571443 0.284800 0.012147 0.022857
8 0.237183 0.885371 0.006588 0.014400
18 0.437513 0.413829 0.011942 0.020343
8 0.190653 0.546629 0.006588 0.014400
11 0.716800 0.799086 0.355981 0.112000
18 0.913218 0.037257 0.018324 0.013257
20 0.730286 0.013943 0.012765 0.022400
15 0.888923 0.686629 0.012147 0.022857
3 0.662034 0.888800 0.007206 0.017143
2 0.035001 0.672571 0.015236 0.008000
3 0.984867 0.630971 0.007206 0.017143
8 0.786905 0.903200 0.006588 0.014400
9 0.067428 0.556571 0.010500 0.014629
10 0.553222 0.605257 0.042001 0.049371
20 0.437307 0.075429 0.020177 0.014171
10 0.580811 0.536229 0.042001 0.049371
6 0.575046 0.360114 0.006588 0.020800
19 0.145563 0.798629 0.012765 0.007771
3 0.927630 0.553943 0.015442 0.008000
14 0.520280 0.838514 0.007000 0.007543
17 0.079782 0.667200 0.017089 0.014171