1 0.839407 0.317829 0.006588 0.016686
3 0.472617 0.102743 0.007206 0.017143
20 0.406424 0.154514 0.020177 0.014171
18 0.846613 0.847200 0.011942 0.020343
14 0.176446 0.758971 0.007000 0.007543
17 0.520074 0.961257 0.012765 0.018971
21 0.620239 0.112800 0.015030 0.022629
11 0.782273 0.671086 0.355981 0.112000
15 0.013795 0.645829 0.020589 0.013486
15 0.185197 0.097143 0.012147 0.022857
9 0.185608 0.483429 0.010500 0.014629
10 0.385835 0.879086 0.044472 0.046629
10 0.100474 0.253943 0.044472 0.046629
18 0.850422 0.014629 0.018324 0.013257
20 0.824583 0.958857 0.020177 0.014171
9 0.179844 0.732571 0.010500 0.014629
14 0.464793 0.748800 0.006794 0.007771
14 0.236257 0.776686 0.006794 0.007771
20 0.939881 0.418057 0.012765 0.022400
10 0.244595 0.357486 0.042001 0.049371
20 0.600371 0.910629 0.012765 0.022400
17 0.718756 0.033257 0.012765 0.018971
20 0.101709 0.385371 0.012765 0.022400
12 0.425983 0.281143 0.007000 0.014171
2 0.612518 0.851314 0.015236 0.008000