10 0.225860 0.458286 0.044472 0.046629
10 0.699197 0.616686 0.042001 0.049371
1 0.477146 0.694400 0.015030 0.007314
2 0.850113 0.194629 0.015236 0.008000
21 0.434939 0.185714 0.020383 0.016686
14 0.563414 0.332114 0.006794 0.007771
14 0.568664 0.036686 0.007000 0.007543
18 0.858246 0.031314 0.018324 0.013257
11 0.773111 0.425486 0.100885 0.395200
3 0.344142 0.292457 0.007206 0.017143
16 0.562899 0.259543 0.017295 0.016686
12 0.881820 0.783771 0.007000 0.014171
13 0.587297 0.465029 0.018736 0.023086
10 0.397365 0.737600 0.044472 0.046629
20 0.115298 0.931657 0.012765 0.022400
3 0.351966 0.238971 0.015442 0.008000
3 0.406115 0.953943 0.015442 0.008000
3 0.340848 0.462514 0.015442 0.008000
17 0.978588 0.848800 0.012765 0.018971
10 0.627342 0.770286 0.042001 0.049371
16 0.271361 0.910743 0.017295 0.016686
1 0.513795 0.289600 0.015030 0.007314
21 0.525942 0.857486 0.020383 0.016686
13 0.270229 0.366514 0.018736 0.023086
1 0.836216 0.761143 0.015030 0.007314