17 0.168211 0.675086 0.012765 0.018971
19 0.737904 0.282057 0.012765 0.007771
16 0.832613 0.574971 0.017295 0.016686
9 0.788553 0.721257 0.013177 0.011657
12 0.205888 0.225371 0.007000 0.014171
3 0.046428 0.901829 0.015442 0.008000
12 0.653902 0.910400 0.012765 0.007771
17 0.113445 0.355543 0.012765 0.018971
16 0.116327 0.979771 0.017295 0.016686
21 0.357319 0.230971 0.015030 0.022629
9 0.942145 0.843086 0.013177 0.011657
14 0.275170 0.168229 0.006794 0.007771
21 0.217727 0.958971 0.015030 0.022629
13 0.010397 0.475314 0.020795 0.020800
13 0.910130 0.844457 0.018736 0.023086
8 0.914247 0.959543 0.012971 0.007314
10 0.420836 0.093257 0.042001 0.049371
10 0.248507 0.427657 0.044472 0.046629
15 0.135680 0.484000 0.020589 0.013486
12 0.775582 0.159771 0.012765 0.007771
12 0.910233 0.385371 0.012765 0.007771
3 0.635269 0.961486 0.015442 0.008000
9 0.644328 0.055771 0.010500 0.014629
11 0.612930 0.453371 0.100885 0.395200
8 0.171608 0.709714 0.012971 0.007314