14 0.686535 0.349257 0.006794 0.007771
9 0.339304 0.847429 0.013177 0.011657
17 0.477970 0.124114 0.017089 0.014171
6 0.559090 0.372571 0.018736 0.007314
18 0.899218 0.593371 0.018324 0.013257
16 0.601091 0.866743 0.015030 0.019200
9 0.149475 0.256571 0.013177 0.011657
14 0.633004 0.268571 0.006794 0.007771
20 0.723492 0.354743 0.020177 0.014171
19 0.939263 0.319314 0.007000 0.014171
19 0.093885 0.679314 0.007000 0.014171
1 0.950381 0.954629 0.006588 0.016686
19 0.827671 0.320229 0.007000 0.014171
3 0.500206 0.065029 0.015442 0.008000
12 0.960264 0.931200 0.012765 0.007771
21 0.923512 0.698171 0.015030 0.022629
21 0.931542 0.417486 0.020383 0.016686
17 0.767037 0.498971 0.017089 0.014171
15 0.405703 0.404343 0.012147 0.022857
15 0.290097 0.267314 0.020589 0.013486
10 0.918674 0.550857 0.042001 0.049371
21 0.495470 0.511886 0.015030 0.022629
20 0.234919 0.781714 0.012765 0.022400
2 0.227404 0.475886 0.007206 0.016914
8 0.828701 0.273257 0.006588 0.014400