11 0.229257 0.138057 0.355981 0.112000
12 0.923204 0.040229 0.012765 0.007771
16 0.588841 0.948914 0.017295 0.016686
14 0.372864 0.058629 0.007000 0.007543
12 0.988470 0.442743 0.007000 0.014171
9 0.906527 0.110514 0.013177 0.011657
11 0.377291 0.610514 0.355981 0.112000
14 0.596459 0.269829 0.007000 0.007543
10 0.936586 0.601829 0.044472 0.046629
9 0.374202 0.044571 0.010500 0.014629
20 0.110356 0.048000 0.020177 0.014171
8 0.894070 0.686857 0.012971 0.007314
3 0.177991 0.634171 0.015442 0.008000
13 0.832098 0.604457 0.020795 0.020800
9 0.382952 0.334057 0.013177 0.011657
16 0.308215 0.011543 0.017295 0.016686
16 0.844245 0.272914 0.015030 0.019200
14 0.569693 0.839886 0.007000 0.007543
1 0.598621 0.484114 0.015030 0.007314
6 0.710933 0.321714 0.006588 0.020800
17 0.179432 0.904686 0.017089 0.014171
11 0.777846 0.351886 0.100885 0.395200
17 0.328907 0.773257 0.017089 0.014171
21 0.091106 0.746857 0.015030 0.022629
21 0.013897 0.811771 0.015030 0.022629