19 0.543957 0.205257 0.012765 0.007771
16 0.115812 0.850971 0.015030 0.019200
9 0.697756 0.555314 0.013177 0.011657
20 0.554252 0.810971 0.020177 0.014171
9 0.633930 0.277371 0.013177 0.011657
14 0.558163 0.404000 0.007000 0.007543
18 0.956249 0.130514 0.018324 0.013257
16 0.182211 0.528800 0.017295 0.016686
3 0.543648 0.603314 0.015442 0.008000
10 0.101091 0.537143 0.044472 0.046629
6 0.655034 0.446171 0.018736 0.007314
1 0.786185 0.536000 0.015030 0.007314
8 0.575355 0.034057 0.012971 0.007314
3 0.515236 0.518286 0.015442 0.008000
14 0.836319 0.091771 0.007000 0.007543
16 0.213300 0.708457 0.017295 0.016686
6 0.243257 0.200457 0.018736 0.007314
14 0.290406 0.168686 0.006794 0.007771
10 0.093473 0.232000 0.042001 0.049371
2 0.647725 0.509371 0.015236 0.008000
9 0.219477 0.603543 0.013177 0.011657
8 0.756846 0.236229 0.006588 0.014400
20 0.483220 0.609829 0.020177 0.014171
19 0.145975 0.664686 0.012765 0.007771