3 0.257258 0.251314 0.015442 0.008000
14 0.927939 0.751200 0.007000 0.007543
12 0.233683 0.904229 0.012765 0.007771
21 0.956660 0.989829 0.020383 0.016686
11 0.450587 0.696914 0.355981 0.112000
3 0.591003 0.365143 0.007206 0.017143
14 0.749228 0.276686 0.007000 0.007543
18 0.639592 0.298514 0.018324 0.013257
3 0.492794 0.029600 0.015442 0.008000
14 0.797921 0.046400 0.006794 0.007771
14 0.924954 0.983543 0.006794 0.007771
12 0.037266 0.709029 0.012765 0.007771
20 0.344863 0.519086 0.012765 0.022400
2 0.662961 0.511886 0.015236 0.008000
15 0.867820 0.193029 0.020589 0.013486
14 0.317892 0.376114 0.007000 0.007543
20 0.073296 0.474286 0.012765 0.022400
20 0.040972 0.656229 0.020177 0.014171
15 0.110459 0.493714 0.012147 0.022857
16 0.943484 0.534171 0.015030 0.019200
11 0.369673 0.446629 0.355981 0.112000
11 0.164711 0.719200 0.100885 0.395200
21 0.252934 0.066400 0.015030 0.022629
14 0.515030 0.833371 0.006794 0.007771
12 0.317892 0.052800 0.012765 0.007771