12 0.160387 0.761371 0.007000 0.014171
20 0.773111 0.925029 0.012765 0.022400
14 0.776611 0.674400 0.007000 0.007543
3 0.364937 0.930171 0.015442 0.008000
12 0.961087 0.912457 0.012765 0.007771
14 0.171299 0.864114 0.007000 0.007543
1 0.773111 0.009486 0.006588 0.016686
17 0.517501 0.304686 0.017089 0.014171
12 0.630636 0.316800 0.007000 0.014171
2 0.727507 0.179200 0.007206 0.016914
6 0.384600 0.982971 0.006588 0.020800
18 0.718139 0.257486 0.011942 0.020343
19 0.180358 0.590400 0.012765 0.007771
15 0.251184 0.134743 0.020589 0.013486
20 0.752316 0.664457 0.020177 0.014171
10 0.768376 0.429943 0.044472 0.046629
3 0.651122 0.666629 0.007206 0.017143
17 0.148446 0.473943 0.012765 0.018971
21 0.052604 0.576114 0.015030 0.022629
10 0.520692 0.125486 0.044472 0.046629
11 0.188079 0.394057 0.355981 0.112000
14 0.619621 0.327314 0.006794 0.007771
19 0.120239 0.029486 0.012765 0.007771
12 0.860819 0.540114 0.012765 0.007771
20 0.149063 0.292800 0.020177 0.014171