11 0.568870 0.585714 0.100885 0.395200
11 0.076590 0.222057 0.100885 0.395200
8 0.571649 0.322743 0.012971 0.007314
11 0.221433 0.806171 0.355981 0.112000
8 0.683138 0.602857 0.006588 0.014400
20 0.860408 0.228571 0.020177 0.014171
16 0.939984 0.307200 0.015030 0.019200
14 0.967778 0.719771 0.006794 0.007771
1 0.607165 0.357600 0.006588 0.016686
11 0.629504 0.842743 0.355981 0.112000
11 0.247787 0.931200 0.355981 0.112000
8 0.213403 0.204114 0.012971 0.007314
8 0.665534 0.192000 0.012971 0.007314
19 0.711550 0.709714 0.007000 0.014171
14 0.306465 0.563200 0.006794 0.007771
1 0.205168 0.645486 0.015030 0.007314
15 0.435145 0.239086 0.012147 0.022857
10 0.386864 0.706514 0.044472 0.046629
6 0.373893 0.166514 0.006588 0.020800
8 0.794215 0.931886 0.012971 0.007314
20 0.297921 0.381714 0.012765 0.022400
12 0.282891 0.392457 0.007000 0.014171