9 0.277023 0.452571 0.010500 0.014629
6 0.746757 0.497943 0.006588 0.020800
15 0.540560 0.655086 0.012147 0.022857
8 0.903232 0.571771 0.006588 0.014400
6 0.248301 0.868000 0.006588 0.020800
14 0.501956 0.891086 0.007000 0.007543
13 0.963661 0.838057 0.020795 0.020800
14 0.238625 0.222514 0.007000 0.007543
13 0.762508 0.679429 0.020795 0.020800
3 0.991662 0.989600 0.015442 0.008000
11 0.196932 0.134171 0.355981 0.112000
21 0.870599 0.749829 0.015030 0.022629
10 0.629813 0.768914 0.042001 0.049371
8 0.632077 0.029829 0.006588 0.014400
13 0.956455 0.174286 0.020795 0.020800
10 0.768376 0.563657 0.044472 0.046629
9 0.703830 0.268571 0.010500 0.014629
3 0.114989 0.712114 0.007206 0.017143
3 0.702594 0.335886 0.007206 0.017143
21 0.346201 0.356457 0.020383 0.016686
16 0.519971 0.934629 0.015030 0.019200
21 0.267140 0.502971 0.015030 0.022629
13 0.219786 0.548914 0.020795 0.020800
17 0.056516 0.230400 0.017089 0.014171
12 0.983529 0.906743 0.007000 0.014171