10 0.927116 0.302171 0.044472 0.046629
11 0.590179 0.668114 0.355981 0.112000
1 0.416821 0.248000 0.015030 0.007314
1 0.171608 0.857829 0.015030 0.007314
9 0.199094 0.936571 0.013177 0.011657
11 0.282067 0.498629 0.100885 0.395200
10 0.127445 0.250743 0.042001 0.049371
12 0.743257 0.463086 0.007000 0.014171
2 0.269611 0.037714 0.007206 0.016914
19 0.484867 0.783086 0.012765 0.007771
19 0.888614 0.847086 0.012765 0.007771
17 0.309862 0.945486 0.012765 0.018971
3 0.709800 0.017029 0.007206 0.017143
21 0.617768 0.961486 0.015030 0.022629
11 0.411056 0.105600 0.355981 0.112000
10 0.861231 0.353371 0.044472 0.046629
9 0.487338 0.398057 0.013177 0.011657
17 0.081429 0.202514 0.017089 0.014171
2 0.825613 0.968114 0.015236 0.008000
6 0.981058 0.620686 0.006588 0.020800
17 0.394276 0.215657 0.012765 0.018971
14 0.340642 0.706971 0.006794 0.007771
11 0.835495 0.626857 0.100885 0.395200
17 0.981264 0.439429 0.012765 0.018971
3 0.806156 0.870286 0.015442 0.008000