17 0.210109 0.705829 0.017089 0.014171
20 0.281038 0.120686 0.012765 0.022400
8 0.605930 0.312800 0.006588 0.014400
2 0.089767 0.546629 0.015236 0.008000
13 0.319436 0.187314 0.020795 0.020800
9 0.464278 0.684457 0.013177 0.011657
6 0.024912 0.266629 0.006588 0.020800
20 0.583900 0.312229 0.020177 0.014171
6 0.945440 0.223657 0.006588 0.020800
17 0.037781 0.904914 0.017089 0.014171
15 0.892526 0.647200 0.020589 0.013486
9 0.381511 0.246743 0.013177 0.011657
8 0.222771 0.154171 0.006588 0.014400
17 0.733580 0.089029 0.012765 0.018971
10 0.812024 0.247314 0.042001 0.049371
12 0.166152 0.238857 0.007000 0.014171
10 0.070208 0.194514 0.042001 0.049371
8 0.850834 0.456457 0.012971 0.007314
20 0.898291 0.417371 0.012765 0.022400
10 0.187358 0.425371 0.042001 0.049371
20 0.751493 0.208000 0.020177 0.014171
9 0.366584 0.970057 0.010500 0.014629
11 0.279596 0.661600 0.100885 0.395200
15 0.144637 0.625600 0.012147 0.022857
19 0.754993 0.426743 0.012765 0.007771