16 0.570311 0.323086 0.017295 0.016686
3 0.596973 0.661371 0.015442 0.008000
8 0.295862 0.293371 0.006588 0.014400
3 0.790097 0.844457 0.015442 0.008000
14 0.745007 0.131657 0.006794 0.007771
19 0.101091 0.662857 0.012765 0.007771
20 0.102327 0.701486 0.012765 0.022400
13 0.864422 0.731314 0.018736 0.023086
18 0.764464 0.362629 0.011942 0.020343
14 0.763228 0.197371 0.007000 0.007543
14 0.069281 0.467657 0.006794 0.007771
18 0.622915 0.704686 0.018324 0.013257
13 0.573708 0.134743 0.018736 0.023086
14 0.428454 0.285143 0.007000 0.007543
14 0.526663 0.737486 0.007000 0.007543
8 0.949043 0.708800 0.012971 0.007314
14 0.717521 0.955771 0.007000 0.007543
15 0.586576 0.917143 0.020589 0.013486
10 0.519868 0.213943 0.042001 0.049371
20 0.574223 0.256457 0.012765 0.022400
16 0.746757 0.089943 0.017295 0.016686
17 0.489088 0.847543 0.017089 0.014171
11 0.341466 0.400229 0.355981 0.112000
18 0.857216 0.790400 0.018324 0.013257
9 0.426910 0.104914 0.010500 0.014629