17 0.080091 0.252457 0.012765 0.018971
9 0.328289 0.192000 0.010500 0.014629
2 0.890364 0.487543 0.007206 0.016914
2 0.029648 0.394629 0.015236 0.008000
19 0.105827 0.682743 0.007000 0.014171
21 0.105724 0.508914 0.015030 0.022629
20 0.137739 0.415314 0.012765 0.022400
20 0.329627 0.368686 0.020177 0.014171
20 0.951822 0.784457 0.020177 0.014171
6 0.723492 0.205143 0.006588 0.020800
9 0.273214 0.835314 0.013177 0.011657
15 0.633004 0.783314 0.012147 0.022857
17 0.958308 0.407543 0.017089 0.014171
16 0.614680 0.856686 0.015030 0.019200
18 0.485691 0.040571 0.011942 0.020343
20 0.512868 0.426514 0.012765 0.022400
10 0.954705 0.314286 0.042001 0.049371
6 0.450072 0.697714 0.006588 0.020800
11 0.724727 0.730171 0.100885 0.395200
10 0.313774 0.937371 0.044472 0.046629
6 0.135475 0.115086 0.006588 0.020800
14 0.206609 0.428343 0.006794 0.007771
1 0.521412 0.985371 0.015030 0.007314
2 0.854849 0.417257 0.015236 0.008000
8 0.754787 0.952114 0.006588 0.014400