17 0.496912 0.213714 0.017089 0.014171
18 0.325818 0.606857 0.018324 0.013257
1 0.321083 0.194971 0.015030 0.007314
13 0.401997 0.180229 0.018736 0.023086
8 0.528721 0.940229 0.006588 0.014400
15 0.141342 0.284800 0.012147 0.022857
2 0.309759 0.368229 0.007206 0.016914
12 0.423307 0.727543 0.007000 0.014171
18 0.786391 0.182400 0.018324 0.013257
20 0.536339 0.611886 0.020177 0.014171
9 0.433807 0.906857 0.013177 0.011657
13 0.200844 0.452229 0.020795 0.020800
17 0.992382 0.233486 0.012765 0.018971
16 0.987544 0.899429 0.015030 0.019200
8 0.846407 0.178171 0.006588 0.014400
14 0.104180 0.669371 0.007000 0.007543
8 0.826024 0.442857 0.006588 0.014400
14 0.743257 0.364914 0.007000 0.007543
1 0.425983 0.082171 0.006588 0.016686
19 0.323451 0.356343 0.007000 0.014171
21 0.942660 0.311429 0.015030 0.022629
3 0.916924 0.695886 0.007206 0.017143
18 0.321907 0.041600 0.018324 0.013257
15 0.915071 0.736914 0.012147 0.022857
10 0.499691 0.627200 0.044472 0.046629