11 0.701565 0.290514 0.355981 0.112000
8 0.527383 0.829029 0.012971 0.007314
2 0.505250 0.615657 0.015236 0.008000
17 0.901585 0.948914 0.012765 0.018971
12 0.504015 0.637943 0.012765 0.007771
6 0.673461 0.695200 0.006588 0.020800
3 0.770537 0.698629 0.007206 0.017143
12 0.186123 0.444800 0.007000 0.014171
19 0.379658 0.122057 0.012765 0.007771
18 0.205785 0.268343 0.018324 0.013257
2 0.199403 0.190400 0.007206 0.016914
11 0.633416 0.448229 0.355981 0.112000
8 0.691579 0.530857 0.006588 0.014400
2 0.401791 0.687543 0.007206 0.016914
6 0.111489 0.749029 0.018736 0.007314
12 0.160799 0.400914 0.012765 0.007771
1 0.955528 0.392571 0.006588 0.016686
3 0.400556 0.619086 0.015442 0.008000
8 0.250463 0.246857 0.012971 0.007314
21 0.229669 0.038971 0.015030 0.022629
15 0.032633 0.337600 0.012147 0.022857
12 0.110562 0.898743 0.007000 0.014171
18 0.768170 0.953486 0.011942 0.020343
11 0.877291 0.612686 0.100885 0.395200
3 0.118489 0.240114 0.015442 0.008000