12 0.268273 0.615543 0.012765 0.007771
16 0.530471 0.828571 0.015030 0.019200
11 0.275788 0.480457 0.355981 0.112000
2 0.204962 0.032000 0.007206 0.016914
8 0.888511 0.972114 0.012971 0.007314
12 0.202594 0.061943 0.007000 0.014171
14 0.446984 0.148000 0.007000 0.007543
19 0.959440 0.319543 0.007000 0.014171
15 0.391291 0.964114 0.012147 0.022857
1 0.080708 0.891543 0.006588 0.016686
15 0.938542 0.796571 0.012147 0.022857
11 0.507927 0.270514 0.100885 0.395200
15 0.875952 0.097371 0.012147 0.022857
16 0.531501 0.622400 0.015030 0.019200
3 0.499382 0.572914 0.015442 0.008000
11 0.342701 0.741714 0.355981 0.112000
21 0.699094 0.055886 0.015030 0.022629
11 0.615400 0.198743 0.100885 0.395200
16 0.715565 0.930743 0.015030 0.019200
2 0.164505 0.086057 0.015236 0.008000
11 0.813877 0.452000 0.100885 0.395200
6 0.971176 0.821371 0.006588 0.020800
16 0.299979 0.670971 0.017295 0.016686
10 0.272802 0.088000 0.044472 0.046629