9 0.800288 0.422286 0.013177 0.011657
10 0.404777 0.442057 0.042001 0.049371
1 0.124460 0.526171 0.015030 0.007314
15 0.052604 0.227200 0.012147 0.022857
12 0.067943 0.210057 0.007000 0.014171
17 0.871011 0.223543 0.017089 0.014171
16 0.742948 0.012571 0.015030 0.019200
20 0.624254 0.814629 0.020177 0.014171
3 0.213609 0.570857 0.007206 0.017143
20 0.508750 0.245257 0.020177 0.014171
10 0.529751 0.783543 0.044472 0.046629
21 0.735125 0.611543 0.020383 0.016686
18 0.295347 0.165257 0.018324 0.013257
13 0.166873 0.451314 0.018736 0.023086
13 0.087194 0.469829 0.018736 0.023086
19 0.702491 0.370971 0.007000 0.014171
16 0.187256 0.805486 0.015030 0.019200
11 0.387997 0.914743 0.355981 0.112000
6 0.755713 0.948800 0.018736 0.007314
17 0.809039 0.849600 0.017089 0.014171
12 0.882644 0.914286 0.007000 0.014171
11 0.616842 0.496800 0.100885 0.395200
21 0.267758 0.408800 0.020383 0.016686
3 0.708977 0.120571 0.015442 0.008000
10 0.662549 0.917714 0.042001 0.049371