12 0.395718 0.052571 0.012765 0.007771
15 0.857525 0.884457 0.020589 0.013486
15 0.242125 0.313257 0.020589 0.013486
10 0.476014 0.797943 0.042001 0.049371
11 0.233580 0.221714 0.355981 0.112000
18 0.777641 0.472114 0.011942 0.020343
17 0.536236 0.744914 0.017089 0.014171
21 0.885629 0.215886 0.015030 0.022629
18 0.883982 0.747200 0.018324 0.013257
2 0.327774 0.549143 0.015236 0.008000
18 0.784023 0.321714 0.011942 0.020343
17 0.790303 0.852800 0.017089 0.014171
3 0.670681 0.778171 0.015442 0.008000
14 0.770126 0.172571 0.006794 0.007771
12 0.198888 0.845257 0.012765 0.007771
15 0.648960 0.719200 0.020589 0.013486
2 0.305230 0.104457 0.007206 0.016914
17 0.495470 0.345371 0.017089 0.014171
6 0.436175 0.026514 0.018736 0.007314
18 0.838172 0.455429 0.011942 0.020343
10 0.033148 0.481371 0.044472 0.046629
21 0.092547 0.354400 0.020383 0.016686
8 0.057855 0.565829 0.006588 0.014400
14 0.303994 0.305829 0.006794 0.007771
13 0.778361 0.684686 0.020795 0.020800