1 0.923410 0.944114 0.006588 0.016686
14 0.817892 0.967086 0.006794 0.007771
21 0.184579 0.808343 0.015030 0.022629
8 0.286700 0.373029 0.012971 0.007314
18 0.844245 0.326171 0.018324 0.013257
8 0.018736 0.562629 0.006588 0.014400
6 0.890570 0.607086 0.018736 0.007314
15 0.888511 0.394057 0.012147 0.022857
15 0.365452 0.624800 0.020589 0.013486
8 0.019765 0.601943 0.006588 0.014400
9 0.532427 0.357143 0.013177 0.011657
10 0.180564 0.138971 0.042001 0.049371
18 0.590797 0.032914 0.018324 0.013257