1 0.500515 0.741829 0.006588 0.016686
2 0.704653 0.936457 0.007206 0.016914
21 0.830039 0.969486 0.020383 0.016686
19 0.718139 0.595200 0.012765 0.007771
21 0.808421 0.227086 0.020383 0.016686
19 0.739139 0.045943 0.007000 0.014171
9 0.745522 0.440343 0.013177 0.011657
20 0.796376 0.256686 0.012765 0.022400
13 0.617974 0.894743 0.020795 0.020800
9 0.820877 0.247429 0.013177 0.011657
9 0.518633 0.445143 0.013177 0.011657
10 0.460778 0.693029 0.042001 0.049371
9 0.113856 0.638057 0.013177 0.011657
17 0.828804 0.489829 0.017089 0.014171
14 0.258390 0.968800 0.007000 0.007543
6 0.774140 0.217943 0.006588 0.020800
6 0.957896 0.082057 0.018736 0.007314
20 0.619930 0.301029 0.020177 0.014171
13 0.177785 0.299086 0.020795 0.020800
15 0.750875 0.785029 0.020589 0.013486
1 0.491147 0.949257 0.015030 0.007314
9 0.613445 0.466743 0.010500 0.014629
8 0.235948 0.809943 0.006588 0.014400
17 0.056413 0.838057 0.012765 0.018971
8 0.149372 0.637029 0.012971 0.007314