12 0.504221 0.289143 0.012765 0.007771
10 0.864320 0.655314 0.044472 0.046629
12 0.783611 0.318857 0.012765 0.007771
15 0.320568 0.116686 0.020589 0.013486
20 0.017089 0.783314 0.012765 0.022400
8 0.018530 0.416571 0.006588 0.014400
20 0.832819 0.036343 0.020177 0.014171
1 0.900247 0.517943 0.015030 0.007314
21 0.312436 0.208571 0.020383 0.016686
6 0.607062 0.504000 0.018736 0.007314
16 0.961499 0.463657 0.017295 0.016686
11 0.103768 0.284914 0.100885 0.395200
16 0.023368 0.330286 0.015030 0.019200
3 0.957896 0.187086 0.007206 0.017143
20 0.467161 0.094171 0.020177 0.014171
3 0.306053 0.597371 0.007206 0.017143
1 0.133004 0.568571 0.006588 0.016686
9 0.916924 0.628343 0.010500 0.014629
16 0.744595 0.444114 0.015030 0.019200
3 0.558061 0.059314 0.015442 0.008000
12 0.606341 0.706743 0.012765 0.007771
17 0.153078 0.560000 0.017089 0.014171
11 0.712477 0.200229 0.355981 0.112000
16 0.527383 0.842286 0.015030 0.019200
15 0.322112 0.818286 0.012147 0.022857