14 0.823965 0.478286 0.007000 0.007543
15 0.568767 0.981029 0.012147 0.022857
19 0.255713 0.772114 0.012765 0.007771
11 0.203932 0.284571 0.355981 0.112000
15 0.192300 0.519429 0.020589 0.013486
21 0.457587 0.661371 0.020383 0.016686
14 0.525015 0.360571 0.007000 0.007543
2 0.738522 0.855886 0.015236 0.008000
15 0.258390 0.879886 0.020589 0.013486
8 0.515339 0.918743 0.006588 0.014400
13 0.079370 0.417257 0.020795 0.020800
13 0.526148 0.019771 0.020795 0.020800
15 0.238316 0.666971 0.012147 0.022857
13 0.155343 0.517143 0.020795 0.020800
8 0.496912 0.413257 0.012971 0.007314
2 0.716183 0.755657 0.007206 0.016914
6 0.301524 0.819657 0.018736 0.007314
14 0.425057 0.257829 0.006794 0.007771
21 0.963249 0.874629 0.015030 0.022629
21 0.898188 0.835771 0.020383 0.016686
14 0.793288 0.666857 0.007000 0.007543