18 0.362569 0.291314 0.011942 0.020343
9 0.394894 0.782057 0.013177 0.011657
14 0.811303 0.398400 0.006794 0.007771
9 0.077929 0.246629 0.010500 0.014629
9 0.099547 0.318629 0.010500 0.014629
12 0.956969 0.038629 0.012765 0.007771
13 0.822627 0.329714 0.020795 0.020800
11 0.703418 0.673371 0.355981 0.112000
20 0.771052 0.139886 0.012765 0.022400
11 0.302656 0.764457 0.100885 0.395200
6 0.905600 0.946057 0.018736 0.007314
6 0.736978 0.981029 0.018736 0.007314
17 0.395409 0.909714 0.017089 0.014171
16 0.725036 0.260114 0.015030 0.019200
12 0.481161 0.772114 0.007000 0.014171
12 0.978176 0.985371 0.007000 0.014171
6 0.535928 0.775886 0.006588 0.020800
15 0.446675 0.804343 0.012147 0.022857
15 0.941322 0.910057 0.020589 0.013486
9 0.677991 0.264343 0.013177 0.011657
6 0.172329 0.411771 0.006588 0.020800
20 0.015236 0.181714 0.012765 0.022400
8 0.114371 0.496229 0.012971 0.007314
11 0.731213 0.543771 0.355981 0.112000
13 0.844040 0.832343 0.020795 0.020800