17 0.132798 0.769943 0.012765 0.018971
15 0.062796 0.273943 0.020589 0.013486
18 0.616636 0.726971 0.011942 0.020343
2 0.634960 0.835086 0.015236 0.008000
3 0.537883 0.525829 0.015442 0.008000
11 0.504324 0.911086 0.355981 0.112000
21 0.371937 0.542971 0.020383 0.016686
19 0.768787 0.327086 0.012765 0.007771
18 0.591929 0.131543 0.011942 0.020343
21 0.303788 0.685143 0.020383 0.016686
20 0.054355 0.682743 0.020177 0.014171
21 0.155549 0.131314 0.020383 0.016686
13 0.896953 0.779543 0.020795 0.020800
17 0.131357 0.852000 0.012765 0.018971
18 0.226786 0.816686 0.018324 0.013257
20 0.880173 0.297600 0.012765 0.022400
13 0.593885 0.981829 0.020795 0.020800
13 0.220404 0.578400 0.018736 0.023086
21 0.298847 0.640343 0.020383 0.016686
2 0.980235 0.499543 0.015236 0.008000
10 0.860819 0.566857 0.042001 0.049371
13 0.276817 0.833486 0.020795 0.020800
17 0.535619 0.604800 0.017089 0.014171
15 0.874511 0.210057 0.012147 0.022857
14 0.421351 0.267657 0.006794 0.007771