12 0.645872 0.559086 0.007000 0.014171
18 0.935763 0.412686 0.011942 0.020343
17 0.771258 0.756000 0.012765 0.018971
17 0.436278 0.710286 0.012765 0.018971
8 0.150401 0.178057 0.012971 0.007314
17 0.946778 0.119314 0.017089 0.014171
21 0.606444 0.800114 0.020383 0.016686
2 0.182211 0.953943 0.015236 0.008000
10 0.611489 0.712914 0.042001 0.049371
6 0.949351 0.059543 0.006588 0.020800
12 0.576488 0.664229 0.007000 0.014171
1 0.120651 0.273943 0.006588 0.016686
1 0.711344 0.857714 0.006588 0.016686
14 0.960675 0.162629 0.007000 0.007543
2 0.145151 0.513486 0.015236 0.008000
18 0.707536 0.517943 0.018324 0.013257
10 0.209183 0.553600 0.044472 0.046629
19 0.669961 0.109486 0.007000 0.014171
1 0.434219 0.550286 0.006588 0.016686
14 0.299671 0.245714 0.006794 0.007771
16 0.128989 0.752914 0.015030 0.019200
2 0.535516 0.807657 0.015236 0.008000
16 0.690653 0.048457 0.015030 0.019200
14 0.613650 0.168686 0.006794 0.007771
17 0.892217 0.154286 0.017089 0.014171