20 0.552810 0.706971 0.020177 0.014171
20 0.809141 0.509486 0.020177 0.014171
16 0.356908 0.420571 0.015030 0.019200
10 0.538192 0.818971 0.044472 0.046629
16 0.436792 0.168229 0.015030 0.019200
8 0.394585 0.080686 0.012971 0.007314
18 0.797715 0.816457 0.018324 0.013257
17 0.651225 0.055657 0.012765 0.018971
9 0.612106 0.160114 0.013177 0.011657
13 0.475499 0.437829 0.018736 0.023086
6 0.566193 0.378400 0.006588 0.020800
14 0.324892 0.261829 0.007000 0.007543
21 0.482705 0.660229 0.015030 0.022629
16 0.803480 0.969371 0.015030 0.019200
8 0.803377 0.444686 0.006588 0.014400
20 0.788141 0.644800 0.020177 0.014171
3 0.361025 0.825257 0.015442 0.008000
18 0.983014 0.246857 0.018324 0.013257
13 0.582355 0.433714 0.018736 0.023086
17 0.556310 0.052914 0.012765 0.018971
2 0.965823 0.735886 0.015236 0.008000
16 0.326127 0.897257 0.017295 0.016686
6 0.166461 0.324571 0.018736 0.007314
6 0.048384 0.359886 0.006588 0.020800
10 0.368128 0.461029 0.042001 0.049371