6 0.174799 0.537943 0.006588 0.020800
15 0.148960 0.092571 0.012147 0.022857
8 0.720404 0.288343 0.006588 0.014400
13 0.466440 0.946171 0.018736 0.023086
15 0.009574 0.289600 0.012147 0.022857
8 0.116739 0.219086 0.006588 0.014400
17 0.551163 0.248114 0.012765 0.018971
9 0.720095 0.908343 0.010500 0.014629
17 0.423204 0.724571 0.017089 0.014171
17 0.906630 0.437943 0.017089 0.014171
16 0.155652 0.448571 0.017295 0.016686
15 0.617151 0.898743 0.012147 0.022857
8 0.615092 0.264457 0.012971 0.007314
13 0.419292 0.404914 0.020795 0.020800
11 0.200021 0.707657 0.355981 0.112000
17 0.810583 0.305486 0.012765 0.018971
1 0.133210 0.031657 0.006588 0.016686
17 0.897982 0.567771 0.017089 0.014171
19 0.490014 0.212114 0.012765 0.007771
8 0.851966 0.307314 0.006588 0.014400
1 0.937822 0.491314 0.006588 0.016686
20 0.468396 0.179200 0.020177 0.014171
20 0.685403 0.111771 0.020177 0.014171
11 0.733580 0.553714 0.100885 0.395200
9 0.333642 0.512686 0.010500 0.014629