14 0.811715 0.501486 0.006794 0.007771
6 0.551163 0.758971 0.006588 0.020800
20 0.231624 0.212343 0.020177 0.014171
6 0.852687 0.029029 0.018736 0.007314
11 0.184579 0.462629 0.355981 0.112000
19 0.421248 0.292571 0.007000 0.014171
20 0.450690 0.474286 0.012765 0.022400
17 0.853613 0.348686 0.012765 0.018971
10 0.409100 0.248686 0.044472 0.046629
8 0.249743 0.805371 0.006588 0.014400
1 0.648857 0.766171 0.015030 0.007314
20 0.383982 0.636343 0.020177 0.014171
17 0.519456 0.215429 0.012765 0.018971
12 0.422895 0.602743 0.012765 0.007771
2 0.365040 0.538171 0.015236 0.008000
19 0.831995 0.687771 0.007000 0.014171
14 0.934116 0.247657 0.007000 0.007543
14 0.405188 0.520343 0.007000 0.007543
10 0.240889 0.249829 0.042001 0.049371
2 0.328907 0.842971 0.007206 0.016914
6 0.517706 0.891429 0.018736 0.007314
10 0.345481 0.806171 0.044472 0.046629
21 0.624768 0.850857 0.015030 0.022629
6 0.886555 0.953714 0.006588 0.020800
1 0.491662 0.093371 0.006588 0.016686