2 0.838481 0.969829 0.007206 0.016914
3 0.956249 0.734514 0.015442 0.008000
16 0.277229 0.417371 0.015030 0.019200
1 0.852996 0.991429 0.006588 0.016686
12 0.934733 0.229943 0.007000 0.014171
9 0.072473 0.283086 0.013177 0.011657
12 0.423307 0.400229 0.007000 0.014171
21 0.554766 0.166971 0.015030 0.022629
21 0.554972 0.118514 0.015030 0.022629
1 0.305435 0.482971 0.015030 0.007314
1 0.651740 0.485486 0.015030 0.007314
21 0.460675 0.393029 0.015030 0.022629
16 0.630224 0.286057 0.017295 0.016686
19 0.300391 0.360686 0.007000 0.014171
19 0.041795 0.584457 0.012765 0.007771
9 0.122195 0.275886 0.010500 0.014629
3 0.176755 0.990286 0.015442 0.008000
8 0.643710 0.722514 0.012971 0.007314
1 0.230286 0.468571 0.015030 0.007314
3 0.019251 0.207657 0.007206 0.017143
21 0.348672 0.271886 0.015030 0.022629
19 0.521927 0.628114 0.007000 0.014171
19 0.042001 0.087086 0.012765 0.007771
6 0.242331 0.012457 0.006588 0.020800
11 0.755096 0.416000 0.355981 0.112000