10 0.945645 0.361371 0.044472 0.046629
1 0.976117 0.942971 0.006588 0.016686
10 0.473955 0.835429 0.044472 0.046629
2 0.408997 0.290057 0.007206 0.016914
13 0.352584 0.783657 0.018736 0.023086
12 0.401688 0.766857 0.007000 0.014171
11 0.439675 0.490514 0.355981 0.112000
19 0.346922 0.302171 0.012765 0.007771
12 0.074532 0.916800 0.007000 0.014171
1 0.510089 0.122514 0.015030 0.007314
17 0.675726 0.272571 0.012765 0.018971
11 0.763640 0.401486 0.100885 0.395200
8 0.747684 0.768229 0.012971 0.007314
12 0.193947 0.599543 0.007000 0.014171
21 0.251904 0.690857 0.015030 0.022629
19 0.065061 0.106057 0.012765 0.007771
11 0.585341 0.800800 0.100885 0.395200
17 0.835495 0.891543 0.012765 0.018971
17 0.177785 0.307200 0.017089 0.014171
12 0.767964 0.058286 0.007000 0.014171
2 0.232963 0.014171 0.007206 0.016914
16 0.428351 0.976457 0.015030 0.019200
8 0.767861 0.899200 0.012971 0.007314
8 0.481676 0.375543 0.012971 0.007314
3 0.969631 0.424114 0.015442 0.008000