11 0.515956 0.622057 0.100885 0.395200
14 0.882644 0.598286 0.007000 0.007543
10 0.034383 0.485029 0.042001 0.049371
8 0.333127 0.503886 0.006588 0.014400
8 0.479926 0.253829 0.006588 0.014400
10 0.027589 0.836343 0.044472 0.046629
21 0.712683 0.503886 0.015030 0.022629
16 0.824068 0.346743 0.015030 0.019200
11 0.427116 0.146286 0.355981 0.112000
11 0.636607 0.570171 0.100885 0.395200
8 0.698168 0.446743 0.006588 0.014400
1 0.105827 0.613371 0.006588 0.016686
12 0.723492 0.750171 0.012765 0.007771
12 0.526663 0.842057 0.012765 0.007771
9 0.562487 0.247657 0.013177 0.011657
21 0.162343 0.632343 0.020383 0.016686
15 0.880688 0.405486 0.012147 0.022857