15 0.218036 0.084914 0.020589 0.013486
1 0.521412 0.396800 0.015030 0.007314
15 0.281655 0.351200 0.020589 0.013486
11 0.356187 0.728571 0.100885 0.395200
2 0.930513 0.145371 0.007206 0.016914
13 0.989603 0.922629 0.020795 0.020800
14 0.172020 0.537600 0.006794 0.007771
3 0.561355 0.576343 0.015442 0.008000
8 0.728742 0.319314 0.012971 0.007314
1 0.469837 0.681257 0.006588 0.016686
8 0.783817 0.841029 0.006588 0.014400
15 0.302347 0.164800 0.012147 0.022857
12 0.450278 0.146971 0.012765 0.007771
3 0.984867 0.766971 0.007206 0.017143
10 0.272802 0.708114 0.044472 0.046629
16 0.233169 0.879543 0.015030 0.019200
20 0.409100 0.321600 0.012765 0.022400
20 0.825407 0.678857 0.020177 0.014171
2 0.453366 0.695657 0.015236 0.008000
11 0.704962 0.637143 0.100885 0.395200
18 0.179946 0.986400 0.011942 0.020343
12 0.641548 0.712457 0.012765 0.007771
15 0.877393 0.482286 0.012147 0.022857
16 0.603665 0.654286 0.017295 0.016686
19 0.852790 0.264000 0.012765 0.007771