18 0.948528 0.059543 0.011942 0.020343
8 0.982088 0.966057 0.006588 0.014400
15 0.096253 0.746514 0.012147 0.022857
8 0.094915 0.165600 0.006588 0.014400
2 0.569899 0.186171 0.015236 0.008000
13 0.214021 0.967886 0.018736 0.023086
2 0.233580 0.426971 0.007206 0.016914
8 0.824274 0.379429 0.012971 0.007314
6 0.886041 0.184914 0.018736 0.007314
11 0.507412 0.107886 0.355981 0.112000
6 0.399424 0.497714 0.006588 0.020800
18 0.255816 0.047086 0.018324 0.013257
9 0.293082 0.965029 0.010500 0.014629
21 0.176138 0.934286 0.015030 0.022629
15 0.788450 0.792000 0.012147 0.022857
8 0.021824 0.574057 0.006588 0.014400
2 0.075458 0.672457 0.007206 0.016914
8 0.021721 0.299886 0.012971 0.007314
15 0.598518 0.989829 0.020589 0.013486
16 0.602018 0.643543 0.017295 0.016686
18 0.516780 0.747771 0.011942 0.020343