20 0.313362 0.857143 0.020177 0.014171
1 0.173564 0.244914 0.006588 0.016686
2 0.126724 0.256229 0.007206 0.016914
20 0.607577 0.245714 0.020177 0.014171
16 0.208256 0.640229 0.015030 0.019200
14 0.127857 0.668229 0.007000 0.007543
18 0.496912 0.899886 0.018324 0.013257
8 0.263228 0.018057 0.012971 0.007314
15 0.745625 0.342171 0.012147 0.022857
20 0.397982 0.567771 0.012765 0.022400
19 0.484455 0.611429 0.007000 0.014171
16 0.079267 0.402629 0.017295 0.016686
12 0.589253 0.540343 0.007000 0.014171
9 0.382438 0.324343 0.010500 0.014629
13 0.399938 0.533143 0.018736 0.023086
8 0.049413 0.081486 0.006588 0.014400
21 0.053634 0.700229 0.020383 0.016686
10 0.772493 0.259429 0.044472 0.046629
18 0.755405 0.819543 0.011942 0.020343
19 0.202800 0.666057 0.012765 0.007771