2 0.753552 0.484000 0.015236 0.008000
19 0.954293 0.512457 0.012765 0.007771
8 0.412189 0.102057 0.006588 0.014400
20 0.703315 0.629486 0.012765 0.022400
19 0.934527 0.299429 0.012765 0.007771
17 0.813774 0.380343 0.017089 0.014171
13 0.977661 0.446286 0.018736 0.023086
21 0.302759 0.793714 0.015030 0.022629
9 0.840745 0.356114 0.010500 0.014629
13 0.574326 0.544343 0.018736 0.023086
18 0.235433 0.950629 0.018324 0.013257
18 0.280008 0.869371 0.011942 0.020343
12 0.500926 0.368686 0.007000 0.014171
9 0.726477 0.972114 0.010500 0.014629
14 0.240375 0.897829 0.006794 0.007771
14 0.400556 0.840229 0.006794 0.007771
12 0.444513 0.680229 0.007000 0.014171
11 0.319745 0.577029 0.100885 0.395200
20 0.204241 0.563429 0.012765 0.022400
15 0.816759 0.293371 0.020589 0.013486
18 0.935454 0.888229 0.018324 0.013257
21 0.148137 0.844686 0.020383 0.016686
20 0.110356 0.957486 0.012765 0.022400
10 0.898497 0.851886 0.042001 0.049371
6 0.156475 0.965829 0.006588 0.020800