16 0.096562 0.733143 0.017295 0.016686
16 0.935351 0.266171 0.017295 0.016686
6 0.602532 0.366171 0.018736 0.007314
14 0.158431 0.022629 0.006794 0.007771
11 0.075561 0.431429 0.100885 0.395200
2 0.480235 0.090286 0.007206 0.016914
14 0.496500 0.246629 0.006794 0.007771
16 0.136195 0.477943 0.015030 0.019200
21 0.378938 0.841714 0.015030 0.022629
13 0.421145 0.512343 0.018736 0.023086
14 0.588017 0.772914 0.007000 0.007543
19 0.882026 0.438629 0.007000 0.014171
13 0.248610 0.078514 0.018736 0.023086
11 0.598621 0.838857 0.355981 0.112000
2 0.150093 0.115771 0.015236 0.008000
12 0.648754 0.727314 0.007000 0.014171
18 0.736154 0.104457 0.018324 0.013257
13 0.576385 0.502971 0.018736 0.023086
10 0.206300 0.749943 0.044472 0.046629
13 0.725242 0.981829 0.020795 0.020800
12 0.228742 0.032229 0.012765 0.007771
12 0.424954 0.560914 0.007000 0.014171
14 0.613547 0.506857 0.007000 0.007543
12 0.213095 0.581714 0.007000 0.014171
14 0.783714 0.036114 0.006794 0.007771