6 0.270331 0.592114 0.006588 0.020800
21 0.201462 0.872343 0.020383 0.016686
6 0.867511 0.515429 0.018736 0.007314
17 0.778773 0.277714 0.017089 0.014171
16 0.126210 0.525600 0.017295 0.016686
17 0.010706 0.539086 0.012765 0.018971
13 0.260964 0.846514 0.020795 0.020800
21 0.778155 0.610857 0.020383 0.016686
10 0.416100 0.792457 0.044472 0.046629
2 0.654622 0.293257 0.007206 0.016914
19 0.175623 0.828114 0.012765 0.007771
6 0.694667 0.299314 0.006588 0.020800
3 0.673976 0.158743 0.007206 0.017143
14 0.537472 0.917486 0.006794 0.007771
21 0.391085 0.180457 0.015030 0.022629
17 0.754581 0.320800 0.012765 0.018971
13 0.504118 0.682629 0.018736 0.023086
15 0.964793 0.343886 0.020589 0.013486
9 0.411262 0.938971 0.010500 0.014629
8 0.433807 0.024571 0.006588 0.014400
18 0.133725 0.833600 0.018324 0.013257
15 0.431954 0.862057 0.020589 0.013486
13 0.190138 0.454514 0.020795 0.020800
16 0.044369 0.750629 0.015030 0.019200
12 0.841260 0.542857 0.007000 0.014171