15 0.396953 0.550057 0.020589 0.013486
9 0.937719 0.472914 0.010500 0.014629
1 0.853305 0.748571 0.015030 0.007314
2 0.420527 0.071543 0.007206 0.016914
12 0.682108 0.249371 0.012765 0.007771
12 0.040354 0.031314 0.012765 0.007771
21 0.337760 0.592800 0.020383 0.016686
14 0.465720 0.862971 0.007000 0.007543
10 0.657196 0.568457 0.044472 0.046629
21 0.655034 0.040571 0.020383 0.016686
15 0.388100 0.053143 0.020589 0.013486
18 0.566605 0.279200 0.011942 0.020343
6 0.424748 0.167429 0.006588 0.020800
8 0.102532 0.931086 0.006588 0.014400
12 0.067943 0.605714 0.012765 0.007771