21 0.328495 0.138629 0.020383 0.016686
19 0.835495 0.200686 0.012765 0.007771
16 0.208462 0.277943 0.015030 0.019200
16 0.292053 0.130743 0.015030 0.019200
15 0.217212 0.442629 0.020589 0.013486
17 0.681285 0.676229 0.012765 0.018971
19 0.865967 0.529143 0.007000 0.014171
8 0.831686 0.934629 0.012971 0.007314
11 0.139386 0.261371 0.100885 0.395200
19 0.554869 0.293029 0.007000 0.014171
13 0.886247 0.933143 0.018736 0.023086
18 0.860511 0.496457 0.018324 0.013257
21 0.060634 0.817029 0.015030 0.022629
6 0.749640 0.870971 0.006588 0.020800
2 0.284332 0.924229 0.015236 0.008000
17 0.193020 0.925486 0.017089 0.014171
21 0.958308 0.300914 0.020383 0.016686
20 0.604900 0.539657 0.020177 0.014171
14 0.621268 0.656914 0.006794 0.007771
1 0.167387 0.809943 0.006588 0.016686
15 0.417851 0.474971 0.012147 0.022857
11 0.497632 0.241943 0.100885 0.395200
13 0.578443 0.522171 0.020795 0.020800
3 0.361437 0.654286 0.015442 0.008000
3 0.733683 0.595086 0.007206 0.017143