6 0.463043 0.637600 0.006588 0.020800
12 0.784023 0.456457 0.012765 0.007771
10 0.550546 0.042971 0.044472 0.046629
1 0.893247 0.198171 0.015030 0.007314
18 0.331480 0.073714 0.011942 0.020343
1 0.208565 0.232800 0.006588 0.016686
3 0.194667 0.348914 0.015442 0.008000
12 0.768170 0.524571 0.007000 0.014171
17 0.440395 0.312571 0.012765 0.018971
3 0.568767 0.116457 0.015442 0.008000
12 0.123327 0.924571 0.012765 0.007771
10 0.205065 0.292571 0.044472 0.046629
21 0.752213 0.496114 0.015030 0.022629
6 0.761272 0.038629 0.018736 0.007314
19 0.664814 0.502629 0.012765 0.007771
8 0.875746 0.922286 0.012971 0.007314
19 0.917233 0.426743 0.012765 0.007771
1 0.207536 0.680343 0.006588 0.016686
14 0.619518 0.640343 0.007000 0.007543
3 0.345995 0.339086 0.007206 0.017143
21 0.514206 0.738629 0.020383 0.016686
6 0.747890 0.358400 0.018736 0.007314
8 0.828289 0.734971 0.006588 0.014400
3 0.908277 0.845143 0.015442 0.008000
1 0.691270 0.224914 0.015030 0.007314