1 0.709903 0.421143 0.006588 0.016686
19 0.662137 0.633143 0.012765 0.007771
16 0.909409 0.058629 0.017295 0.016686
16 0.730389 0.263543 0.015030 0.019200
18 0.362775 0.861371 0.011942 0.020343
14 0.714433 0.476000 0.007000 0.007543
3 0.593679 0.428229 0.007206 0.017143
3 0.420527 0.381829 0.007206 0.017143
1 0.196212 0.416343 0.006588 0.016686
18 0.202285 0.313143 0.018324 0.013257
13 0.980338 0.714171 0.018736 0.023086
16 0.180358 0.572914 0.017295 0.016686
6 0.594915 0.805714 0.018736 0.007314
15 0.714536 0.929143 0.012147 0.022857
6 0.261272 0.825714 0.006588 0.020800
9 0.914145 0.910971 0.013177 0.011657
18 0.549516 0.469829 0.011942 0.020343
3 0.574943 0.057714 0.015442 0.008000
19 0.601812 0.490743 0.007000 0.014171
14 0.940910 0.022743 0.007000 0.007543
20 0.834054 0.456914 0.020177 0.014171
19 0.163270 0.554743 0.012765 0.007771
11 0.848466 0.715771 0.100885 0.395200
20 0.599753 0.860800 0.012765 0.022400
12 0.538398 0.227657 0.012765 0.007771