18 0.050237 0.177943 0.011942 0.020343
15 0.655652 0.034514 0.012147 0.022857
13 0.974985 0.985943 0.020795 0.020800
9 0.514309 0.508229 0.013177 0.011657
19 0.716492 0.565029 0.012765 0.007771
19 0.839613 0.373029 0.007000 0.014171
18 0.569384 0.717943 0.018324 0.013257
14 0.510089 0.604114 0.006794 0.007771
10 0.560428 0.568914 0.044472 0.046629
19 0.640519 0.528686 0.012765 0.007771
16 0.928763 0.345029 0.017295 0.016686
21 0.749537 0.553714 0.020383 0.016686
3 0.849804 0.264571 0.015442 0.008000
13 0.646181 0.148686 0.020795 0.020800
18 0.910336 0.955200 0.018324 0.013257
17 0.911880 0.168571 0.012765 0.018971
6 0.289788 0.086400 0.018736 0.007314
16 0.187153 0.028000 0.017295 0.016686
6 0.754993 0.710743 0.006588 0.020800
16 0.590282 0.054286 0.017295 0.016686
19 0.201977 0.269029 0.012765 0.007771
15 0.889026 0.910971 0.020589 0.013486
15 0.548075 0.132457 0.020589 0.013486
13 0.587914 0.216114 0.018736 0.023086
9 0.936072 0.306971 0.010500 0.014629