13 0.630945 0.982286 0.018736 0.023086
1 0.662755 0.302286 0.006588 0.016686
6 0.665328 0.390171 0.018736 0.007314
8 0.270949 0.588229 0.006588 0.014400
10 0.361128 0.038400 0.042001 0.049371
8 0.890056 0.622971 0.006588 0.014400
19 0.491867 0.858286 0.012765 0.007771
15 0.665534 0.339200 0.012147 0.022857
17 0.780626 0.727314 0.017089 0.014171
9 0.410747 0.301371 0.013177 0.011657
12 0.369776 0.930971 0.007000 0.014171
17 0.135269 0.206286 0.012765 0.018971
20 0.288038 0.480229 0.020177 0.014171
10 0.600576 0.772343 0.042001 0.049371
10 0.251184 0.637029 0.042001 0.049371
18 0.747272 0.269029 0.018324 0.013257
19 0.033766 0.195200 0.007000 0.014171
9 0.289170 0.152457 0.010500 0.014629
1 0.307494 0.409143 0.015030 0.007314
2 0.084105 0.987429 0.007206 0.016914
6 0.017192 0.094629 0.018736 0.007314
16 0.409821 0.384000 0.015030 0.019200
3 0.572061 0.368343 0.007206 0.017143
3 0.289376 0.086286 0.015442 0.008000
17 0.954293 0.364229 0.012765 0.018971