6 0.731316 0.748457 0.006588 0.020800
14 0.922689 0.399314 0.006794 0.007771
9 0.612827 0.788343 0.010500 0.014629
8 0.229771 0.028914 0.006588 0.014400
3 0.744184 0.258171 0.015442 0.008000
3 0.725654 0.340457 0.015442 0.008000
18 0.657916 0.671771 0.018324 0.013257
11 0.778361 0.525714 0.355981 0.112000
12 0.059914 0.077943 0.007000 0.014171
19 0.138357 0.272914 0.007000 0.014171
20 0.790406 0.978971 0.012765 0.022400
3 0.804509 0.150057 0.015442 0.008000
21 0.586885 0.031429 0.015030 0.022629
19 0.716286 0.664686 0.012765 0.007771
13 0.112930 0.897486 0.018736 0.023086
9 0.052502 0.542743 0.013177 0.011657
19 0.431336 0.251886 0.012765 0.007771
12 0.297921 0.290057 0.007000 0.014171
18 0.826951 0.345143 0.018324 0.013257
20 0.250978 0.299657 0.012765 0.022400
19 0.404777 0.831086 0.007000 0.014171
9 0.098209 0.500686 0.013177 0.011657
6 0.511427 0.902057 0.006588 0.020800
21 0.254993 0.822286 0.020383 0.016686
1 0.535722 0.085143 0.006588 0.016686