18 0.779596 0.114514 0.018324 0.013257
21 0.675211 0.487657 0.015030 0.022629
1 0.721948 0.648686 0.015030 0.007314
3 0.799774 0.067771 0.007206 0.017143
13 0.641857 0.726514 0.020795 0.020800
18 0.144431 0.255543 0.018324 0.013257
15 0.902203 0.245143 0.020589 0.013486
11 0.831172 0.707314 0.100885 0.395200
17 0.270023 0.523200 0.017089 0.014171
10 0.075149 0.809600 0.042001 0.049371
1 0.760449 0.094629 0.015030 0.007314
11 0.633004 0.259200 0.355981 0.112000
2 0.975190 0.605486 0.007206 0.016914
14 0.700741 0.566400 0.006794 0.007771
12 0.726786 0.931886 0.012765 0.007771
2 0.888100 0.605257 0.007206 0.016914
17 0.915689 0.893714 0.017089 0.014171
11 0.291023 0.419429 0.355981 0.112000
11 0.206300 0.698857 0.100885 0.395200
10 0.963558 0.430857 0.042001 0.049371
19 0.032119 0.400457 0.012765 0.007771
10 0.499485 0.736000 0.044472 0.046629
18 0.612518 0.970171 0.011942 0.020343
19 0.543545 0.387429 0.007000 0.014171
15 0.256331 0.036914 0.020589 0.013486