2 0.646695 0.130629 0.015236 0.008000
17 0.235433 0.235429 0.017089 0.014171
12 0.358863 0.112686 0.012765 0.007771
6 0.825098 0.541257 0.018736 0.007314
17 0.225036 0.938857 0.012765 0.018971
20 0.402512 0.550857 0.020177 0.014171
10 0.370599 0.800914 0.042001 0.049371
17 0.027486 0.383771 0.017089 0.014171
13 0.863805 0.617943 0.018736 0.023086
1 0.962734 0.062743 0.006588 0.016686
9 0.805538 0.073829 0.010500 0.014629
8 0.786391 0.778743 0.012971 0.007314
2 0.943998 0.038971 0.015236 0.008000
10 0.132592 0.304229 0.042001 0.049371
12 0.907350 0.314514 0.012765 0.007771
16 0.537883 0.068800 0.015030 0.019200
12 0.633107 0.850057 0.012765 0.007771
13 0.640416 0.081486 0.018736 0.023086
10 0.834877 0.960914 0.042001 0.049371
8 0.558472 0.271771 0.012971 0.007314
6 0.349187 0.078743 0.006588 0.020800
18 0.012765 0.592343 0.011942 0.020343
2 0.569693 0.878057 0.015236 0.008000
2 0.045501 0.588457 0.015236 0.008000
10 0.918674 0.622171 0.042001 0.049371