18 0.582047 0.404457 0.011942 0.020343
18 0.012456 0.898743 0.018324 0.013257
1 0.940704 0.923771 0.006588 0.016686
16 0.915895 0.067429 0.015030 0.019200
18 0.612827 0.730743 0.018324 0.013257
9 0.217006 0.872114 0.013177 0.011657
15 0.043648 0.533143 0.020589 0.013486
15 0.378938 0.450057 0.012147 0.022857
19 0.355981 0.020343 0.007000 0.014171
10 0.488779 0.961371 0.042001 0.049371
19 0.113650 0.247086 0.007000 0.014171
3 0.889953 0.517600 0.015442 0.008000
10 0.965617 0.874514 0.042001 0.049371
1 0.552296 0.813486 0.015030 0.007314
17 0.844245 0.683886 0.017089 0.014171
20 0.089150 0.527314 0.020177 0.014171
17 0.336730 0.633600 0.017089 0.014171
3 0.722359 0.143200 0.015442 0.008000
11 0.213506 0.223657 0.100885 0.395200
19 0.428660 0.466514 0.012765 0.007771
6 0.571855 0.976686 0.018736 0.007314
11 0.554355 0.597943 0.355981 0.112000
6 0.113753 0.831086 0.018736 0.007314
2 0.950793 0.101600 0.015236 0.008000
13 0.403438 0.030057 0.020795 0.020800