21 0.375026 0.914857 0.020383 0.016686
12 0.172946 0.370514 0.007000 0.014171
13 0.910130 0.248343 0.018736 0.023086
12 0.216389 0.926171 0.007000 0.014171
6 0.810583 0.835086 0.006588 0.020800
14 0.195697 0.126171 0.006794 0.007771
16 0.263228 0.288914 0.015030 0.019200
13 0.390879 0.988686 0.020795 0.020800
16 0.523574 0.121029 0.017295 0.016686
6 0.449454 0.162400 0.006588 0.020800
9 0.009574 0.772114 0.010500 0.014629
18 0.396335 0.549600 0.011942 0.020343
13 0.456558 0.380686 0.020795 0.020800
17 0.456558 0.273371 0.017089 0.014171
3 0.744184 0.241257 0.007206 0.017143
18 0.849907 0.934743 0.011942 0.020343
18 0.552707 0.475429 0.018324 0.013257
1 0.461911 0.078857 0.015030 0.007314
9 0.312539 0.821829 0.013177 0.011657
19 0.565575 0.608229 0.007000 0.014171
6 0.489397 0.760114 0.006588 0.020800
21 0.552707 0.228229 0.015030 0.022629
16 0.922483 0.874514 0.015030 0.019200
17 0.754066 0.103543 0.017089 0.014171
10 0.759934 0.932114 0.042001 0.049371