19 0.974882 0.956343 0.007000 0.014171
20 0.992176 0.767086 0.012765 0.022400
2 0.166255 0.207314 0.007206 0.016914
19 0.402512 0.204343 0.007000 0.014171
9 0.113753 0.123200 0.010500 0.014629
12 0.748198 0.707886 0.007000 0.014171
1 0.640107 0.257714 0.006588 0.016686
21 0.492588 0.430514 0.020383 0.016686
10 0.167181 0.068571 0.044472 0.046629
6 0.615709 0.767543 0.018736 0.007314
21 0.330760 0.396686 0.020383 0.016686
19 0.116739 0.828800 0.007000 0.014171
16 0.880996 0.566743 0.017295 0.016686
6 0.047251 0.423086 0.018736 0.007314
13 0.123842 0.307086 0.018736 0.023086
13 0.682623 0.117600 0.018736 0.023086
21 0.453675 0.064343 0.020383 0.016686
2 0.107680 0.264800 0.015236 0.008000
10 0.418365 0.948800 0.042001 0.049371
2 0.139489 0.904914 0.007206 0.016914
8 0.844040 0.954057 0.012971 0.007314
11 0.381305 0.697714 0.100885 0.395200