6 0.056516 0.452114 0.018736 0.007314
13 0.028721 0.589143 0.020795 0.020800
10 0.426189 0.528686 0.042001 0.049371
3 0.084723 0.093829 0.015442 0.008000
14 0.479720 0.749143 0.007000 0.007543
20 0.224830 0.193371 0.012765 0.022400
14 0.850319 0.284914 0.007000 0.007543
1 0.496706 0.305371 0.015030 0.007314
8 0.397056 0.407314 0.012971 0.007314
8 0.761067 0.249143 0.012971 0.007314
14 0.070723 0.729600 0.006794 0.007771
11 0.307391 0.728343 0.100885 0.395200
19 0.929174 0.167086 0.012765 0.007771
19 0.278567 0.131429 0.012765 0.007771
12 0.438542 0.893029 0.007000 0.014171
12 0.215359 0.917943 0.012765 0.007771
2 0.221021 0.833829 0.007206 0.016914
15 0.636298 0.167543 0.012147 0.022857
17 0.102532 0.467771 0.012765 0.018971
21 0.641239 0.307543 0.015030 0.022629
16 0.166152 0.661600 0.017295 0.016686
18 0.193020 0.167314 0.018324 0.013257
9 0.735742 0.380800 0.010500 0.014629
16 0.201359 0.529486 0.017295 0.016686
18 0.254581 0.406171 0.018324 0.013257