17 0.827054 0.571086 0.012765 0.018971
12 0.173152 0.309714 0.012765 0.007771
2 0.766317 0.630514 0.015236 0.008000
12 0.583900 0.044114 0.007000 0.014171
17 0.981367 0.333714 0.017089 0.014171
13 0.764155 0.157143 0.020795 0.020800
16 0.291126 0.639886 0.017295 0.016686
17 0.139798 0.312800 0.012765 0.018971
14 0.454602 0.744114 0.007000 0.007543
12 0.993412 0.982400 0.007000 0.014171
18 0.216800 0.449486 0.011942 0.020343
12 0.358658 0.319543 0.007000 0.014171
16 0.933498 0.108914 0.017295 0.016686
1 0.182726 0.495086 0.015030 0.007314
8 0.525015 0.436457 0.006588 0.014400
11 0.321701 0.082743 0.355981 0.112000
2 0.810583 0.878743 0.015236 0.008000
21 0.919601 0.339771 0.020383 0.016686
18 0.892012 0.586286 0.018324 0.013257
15 0.751184 0.587886 0.012147 0.022857
15 0.006074 0.266514 0.012147 0.022857
15 0.025530 0.812686 0.020589 0.013486
13 0.327260 0.782286 0.018736 0.023086
21 0.648240 0.421371 0.020383 0.016686
12 0.483632 0.510400 0.007000 0.014171