14 0.108606 0.680686 0.006794 0.007771
19 0.719580 0.509029 0.012765 0.007771
12 0.465308 0.765486 0.007000 0.014171
3 0.892629 0.404686 0.015442 0.008000
12 0.583076 0.559771 0.012765 0.007771
9 0.807186 0.308114 0.010500 0.014629
15 0.951925 0.383086 0.012147 0.022857
3 0.553737 0.596457 0.015442 0.008000
1 0.845584 0.600800 0.006588 0.016686
6 0.887482 0.010514 0.018736 0.007314
18 0.984661 0.189029 0.018324 0.013257
2 0.924542 0.319314 0.007206 0.016914
16 0.981470 0.035086 0.017295 0.016686
15 0.852893 0.244800 0.012147 0.022857
19 0.596665 0.666514 0.007000 0.014171
21 0.198579 0.340457 0.015030 0.022629
18 0.924542 0.822629 0.018324 0.013257
16 0.486308 0.193943 0.017295 0.016686
3 0.697241 0.202629 0.007206 0.017143
19 0.755405 0.946286 0.012765 0.007771
2 0.379349 0.859657 0.007206 0.016914
21 0.219992 0.664800 0.020383 0.016686
18 0.021927 0.708114 0.018324 0.013257