18 0.091209 0.037600 0.011942 0.020343
3 0.693123 0.913257 0.015442 0.008000
19 0.283920 0.713371 0.012765 0.007771
1 0.484250 0.800343 0.006588 0.016686
21 0.510500 0.415886 0.020383 0.016686
2 0.103974 0.097714 0.015236 0.008000
19 0.099238 0.957943 0.007000 0.014171
3 0.400144 0.764457 0.007206 0.017143
6 0.147519 0.788571 0.018736 0.007314
20 0.408894 0.508343 0.012765 0.022400
16 0.541898 0.144114 0.017295 0.016686
1 0.131048 0.402743 0.015030 0.007314
20 0.418365 0.703086 0.012765 0.022400
13 0.901482 0.026171 0.018736 0.023086
21 0.456146 0.224343 0.020383 0.016686
6 0.364525 0.645486 0.018736 0.007314
10 0.445748 0.118400 0.044472 0.046629
3 0.009574 0.633029 0.007206 0.017143
8 0.933704 0.807886 0.006588 0.014400
21 0.930307 0.075771 0.020383 0.016686
15 0.080708 0.583886 0.020589 0.013486
15 0.609533 0.404571 0.012147 0.022857
11 0.701359 0.757486 0.355981 0.112000
8 0.301832 0.779086 0.006588 0.014400
1 0.421659 0.507771 0.006588 0.016686