11 0.346716 0.690400 0.100885 0.395200
13 0.901482 0.664800 0.018736 0.023086
13 0.666358 0.349829 0.018736 0.023086
15 0.814495 0.245600 0.020589 0.013486
12 0.219477 0.270857 0.012765 0.007771
16 0.427527 0.792686 0.015030 0.019200
18 0.856187 0.543543 0.018324 0.013257
12 0.521104 0.166629 0.012765 0.007771
13 0.143401 0.155086 0.018736 0.023086
11 0.881614 0.207429 0.100885 0.395200
17 0.817480 0.939200 0.017089 0.014171
20 0.690138 0.037029 0.012765 0.022400
10 0.434013 0.102400 0.044472 0.046629
18 0.303994 0.147200 0.018324 0.013257
15 0.718859 0.939200 0.012147 0.022857
16 0.428763 0.230171 0.015030 0.019200
13 0.014103 0.747314 0.020795 0.020800
10 0.117974 0.690743 0.042001 0.049371
1 0.188079 0.013257 0.015030 0.007314
15 0.020898 0.201143 0.012147 0.022857
17 0.701153 0.238857 0.017089 0.014171
19 0.673049 0.704686 0.012765 0.007771
13 0.192609 0.832571 0.018736 0.023086
18 0.018839 0.679086 0.018324 0.013257
10 0.687667 0.811657 0.044472 0.046629