17 0.654107 0.926057 0.012765 0.018971
13 0.075870 0.243314 0.020795 0.020800
16 0.439160 0.660914 0.017295 0.016686
20 0.103562 0.732571 0.012765 0.022400
17 0.615812 0.062286 0.012765 0.018971
8 0.432160 0.470286 0.006588 0.014400
9 0.675829 0.157714 0.010500 0.014629
20 0.729874 0.480457 0.020177 0.014171
13 0.529648 0.780914 0.020795 0.020800
3 0.244287 0.512114 0.007206 0.017143
10 0.031707 0.339886 0.042001 0.049371
19 0.888820 0.787429 0.007000 0.014171
13 0.323554 0.262971 0.018736 0.023086
10 0.780935 0.422629 0.042001 0.049371
9 0.442557 0.772571 0.010500 0.014629
18 0.143607 0.555429 0.018324 0.013257
3 0.053634 0.448114 0.007206 0.017143
19 0.109327 0.501943 0.012765 0.007771
1 0.170784 0.398857 0.015030 0.007314
20 0.825818 0.897143 0.012765 0.022400
14 0.535104 0.452229 0.007000 0.007543
15 0.606444 0.629714 0.012147 0.022857
6 0.237389 0.058400 0.006588 0.020800
6 0.624665 0.856571 0.006588 0.020800
19 0.549722 0.034971 0.012765 0.007771