0 0.860820 0.929727 0.007011 0.011221
0 0.827171 0.929777 0.007103 0.011321
5 0.776304 0.907929 0.018151 0.006039
5 0.708101 0.907895 0.017960 0.005829
5 0.757789 0.818134 0.017941 0.006169
5 0.724505 0.818032 0.018213 0.005966
0 0.810671 0.829113 0.007103 0.011323
0 0.785127 0.786753 0.010471 0.008290
0 0.763271 0.810713 0.007196 0.011525
0 0.729895 0.810814 0.007466 0.011525
0 0.704788 0.786963 0.010490 0.008587
0 0.682299 0.829182 0.007212 0.011502
16 0.752252 0.877565 0.016088 0.019966
16 0.746970 0.782759 0.016028 0.019918
0 0.654257 0.929656 0.007212 0.011527
0 0.469531 0.929598 0.007058 0.011205
0 0.446059 0.929510 0.007321 0.011646
0 0.309049 0.929741 0.007058 0.011289
5 0.440201 0.805051 0.018096 0.006066
0 0.529049 0.787006 0.010200 0.008187
0 0.445724 0.797823 0.007103 0.011221
2 0.366897 0.786307 0.016755 0.008999
14 0.388972 0.772840 0.007212 0.008491
14 0.389135 0.738081 0.007321 0.009099
4 0.422349 0.700386 0.018752 0.006551
6 0.388832 0.699589 0.007175 0.022222
6 0.388907 0.624923 0.007272 0.021623
19 0.345269 0.540183 0.013749 0.008594
19 0.248657 0.539899 0.013751 0.008594
19 0.231183 0.572840 0.007711 0.015024
19 0.209624 0.572753 0.007711 0.015198
19 0.193022 0.539648 0.013848 0.008736
17 0.221063 0.534997 0.013842 0.019511
17 0.221075 0.640250 0.013877 0.019897
19 0.248613 0.646498 0.013879 0.008613
19 0.192504 0.645987 0.014005 0.008560
19 0.230900 0.675869 0.008026 0.015915
19 0.209907 0.675538 0.007931 0.016101
4 0.552079 0.623398 0.018303 0.006064
0 0.567281 0.524949 0.009942 0.008256
6 0.556205 0.324193 0.007103 0.021694
5 0.574001 0.518714 0.005405 0.020674
0 0.601072 0.475121 0.010181 0.008002
0 0.602949 0.491898 0.010169 0.008002
0 0.557644 0.490382 0.006982 0.011374
5 0.607593 0.469083 0.005464 0.019950
5 0.573758 0.452865 0.005248 0.020080
0 0.567242 0.458889 0.010198 0.007886
4 0.584257 0.407349 0.018413 0.006290
6 0.557584 0.412415 0.007867 0.022361
4 0.715715 0.332809 0.018213 0.006167
0 0.529168 0.303351 0.010056 0.008215
5 0.522762 0.297379 0.005355 0.020258
0 0.481302 0.229963 0.010498 0.008357
0 0.449745 0.241021 0.007210 0.011234
5 0.444116 0.248498 0.018592 0.005545
4 0.425730 0.224714 0.005477 0.020336
5 0.204601 0.249800 0.018281 0.006064
4 0.229222 0.225031 0.005617 0.020050
0 0.210359 0.242305 0.007200 0.011787
21 0.480590 0.113360 0.015287 0.022743
0 0.193288 0.230423 0.010245 0.008087
5 0.752843 0.168462 0.005555 0.020018
0 0.746196 0.174426 0.010474 0.008290
0 0.652276 0.120495 0.010548 0.008510
0 0.781825 0.900683 0.007208 0.011374
0 0.713640 0.900599 0.007284 0.011374
