4 0.703475 0.493194 0.006045 0.021109
4 0.788795 0.517897 0.018273 0.005975
0 0.783267 0.510429 0.007610 0.011230
0 0.337499 0.633305 0.010115 0.008037
0 0.324156 0.644514 0.006928 0.011090
0 0.832231 0.499938 0.009975 0.007986
2 0.158056 0.401853 0.010117 0.008085
21 0.309533 0.583851 0.015277 0.022789
21 0.737121 0.594633 0.015312 0.022802
16 0.264464 0.396866 0.015442 0.019671
16 0.264448 0.454360 0.016210 0.019513
16 0.563830 0.292030 0.017484 0.018199
16 0.615409 0.293000 0.017484 0.018197
0 0.170625 0.391402 0.006883 0.011248
4 0.182352 0.395448 0.005606 0.020176
5 0.812564 0.620582 0.018096 0.005771
2 0.495753 0.270659 0.007795 0.018174
2 0.472017 0.243367 0.008275 0.019003
4 0.391382 0.410702 0.018019 0.006011
13 0.470640 0.202351 0.019271 0.022667
13 0.494128 0.226286 0.019032 0.022994
0 0.807275 0.613266 0.007332 0.011333
0 0.832239 0.602759 0.010115 0.008037
0 0.721624 0.756190 0.007083 0.011424
0 0.783341 0.757602 0.006961 0.011246
0 0.807352 0.757731 0.007037 0.011161
0 0.248283 0.757621 0.007350 0.011707
0 0.225220 0.590561 0.010301 0.008139
0 0.247261 0.601326 0.007052 0.011333
5 0.252597 0.608641 0.018096 0.005771
4 0.343634 0.584689 0.005662 0.019678
1 0.306940 0.632880 0.016146 0.008160
4 0.573810 0.376699 0.018441 0.006231
5 0.704173 0.635768 0.005753 0.020400
4 0.703684 0.595970 0.005965 0.020722
0 0.710732 0.641528 0.010132 0.007897
0 0.610696 0.323047 0.010208 0.008037
0 0.594224 0.351534 0.010115 0.007726
0 0.225137 0.402138 0.010558 0.008309
0 0.318373 0.430474 0.007350 0.012016
0 0.286750 0.448363 0.007035 0.011328
0 0.568981 0.335482 0.007424 0.011435
0 0.559617 0.251891 0.010245 0.007787
0 0.569084 0.242434 0.007573 0.011374
0 0.594084 0.232235 0.010581 0.008530
0 0.559285 0.322913 0.010301 0.007934
0 0.236672 0.391705 0.007348 0.011250
0 0.610789 0.253291 0.010130 0.007977
0 0.210947 0.430338 0.007573 0.011621
0 0.239734 0.448574 0.007239 0.011744
0 0.290058 0.391753 0.007239 0.011621
0 0.306428 0.402325 0.010356 0.008283
