0 0.734997 0.205522 0.009928 0.015433
0 0.750883 0.245757 0.021845 0.012126
0 0.253330 0.674570 0.006887 0.010763
0 0.768755 0.753362 0.013900 0.011022
0 0.638717 0.152434 0.009697 0.007543
0 0.648507 0.169968 0.006835 0.010784
15 0.651553 0.109968 0.015934 0.024873
14 0.648267 0.136350 0.007138 0.007726
14 0.679789 0.110606 0.007015 0.007726
15 0.739727 0.155371 0.015934 0.024160
14 0.735531 0.172249 0.007138 0.007675
14 0.757505 0.156274 0.007124 0.007726
14 0.858731 0.146187 0.007138 0.007726
3 0.858800 0.160994 0.007606 0.017257
4 0.326032 0.530822 0.017680 0.005378
4 0.326222 0.685006 0.017727 0.005440
0 0.320870 0.778901 0.006821 0.010702
4 0.534639 0.685070 0.017727 0.005440
0 0.702727 0.762731 0.010922 0.014331
0 0.744430 0.729112 0.010922 0.015431
0 0.767762 0.719743 0.015886 0.012126
0 0.893861 0.425981 0.013900 0.013227
4 0.572262 0.684960 0.017758 0.005486
4 0.572146 0.530773 0.017758 0.005381
1 0.232468 0.664446 0.015345 0.007611
16 0.157767 0.441374 0.015295 0.019264
16 0.157372 0.502233 0.015295 0.019264
2 0.194163 0.523627 0.007350 0.017440
2 0.250237 0.460528 0.007350 0.017321
2 0.193850 0.447006 0.015606 0.008206
2 0.118468 0.447017 0.015606 0.008274
2 0.099883 0.471710 0.007416 0.017417
2 0.142154 0.465600 0.007416 0.017371
2 0.175641 0.465669 0.007416 0.017417
0 0.320933 0.715871 0.006823 0.010759
5 0.326388 0.722949 0.017700 0.004937
0 0.873506 0.434800 0.014894 0.015433
0 0.835280 0.464561 0.015888 0.013227
0 0.813436 0.473379 0.009928 0.013227
0 0.871423 0.934095 0.017159 0.019047
2 0.222411 0.471669 0.007350 0.017440
0 0.270105 0.667006 0.015112 0.013554
21 0.832224 0.712514 0.015359 0.022697
21 0.833333 0.746023 0.015359 0.022651
4 0.315011 0.345269 0.017826 0.005600
6 0.280235 0.355177 0.006794 0.028023
4 0.427743 0.269190 0.017809 0.005483
6 0.280152 0.259429 0.006794 0.028187
19 0.233467 0.241254 0.007144 0.014530
19 0.211023 0.228325 0.012996 0.007831
2 0.125363 0.523552 0.007350 0.017440
4 0.534702 0.530811 0.017768 0.005381
4 0.483261 0.530686 0.017789 0.005417
0 0.868910 0.174970 0.015003 0.010599
0 0.699779 0.100016 0.009547 0.015141
0 0.719556 0.111373 0.013640 0.010599
0 0.778888 0.146200 0.012275 0.016656
0 0.808214 0.156799 0.013640 0.010599
0 0.725845 0.185774 0.013239 0.011941
