10 0.422118 0.641607 0.042209 0.049829
0 0.389966 0.528731 0.009876 0.007872
0 0.298688 0.735360 0.010023 0.008306
0 0.335282 0.693863 0.007146 0.011333
0 0.379826 0.693966 0.006961 0.011127
5 0.305223 0.729314 0.005382 0.020297
5 0.329700 0.701232 0.018096 0.005838
5 0.374322 0.701321 0.018098 0.005847
1 0.246327 0.656949 0.015932 0.007813
0 0.263340 0.668367 0.006959 0.011248
0 0.276757 0.657206 0.010130 0.007984
4 0.283867 0.700394 0.018040 0.006306
0 0.713107 0.696867 0.006959 0.011161
5 0.707564 0.704022 0.018044 0.005867
5 0.665863 0.704101 0.017914 0.005938
5 0.642341 0.729128 0.005662 0.020089
4 0.620483 0.700075 0.018194 0.006080
0 0.671508 0.696953 0.007332 0.011333
16 0.636223 0.523301 0.016617 0.019913
16 0.308184 0.523014 0.016949 0.019221
0 0.635695 0.735379 0.010311 0.007870
0 0.626267 0.764219 0.006897 0.011447
0 0.404873 0.133586 0.007083 0.011570
0 0.739595 0.133574 0.007052 0.011024
0 0.404215 0.320567 0.007350 0.011374
4 0.398813 0.313397 0.017931 0.005687
4 0.734048 0.313504 0.018019 0.005925
0 0.739466 0.320744 0.007048 0.011417
0 0.776505 0.417223 0.006982 0.011090
0 0.785661 0.437912 0.009934 0.007870
5 0.792100 0.431979 0.004789 0.019973
4 0.770836 0.468270 0.018180 0.005769
1 0.776543 0.504103 0.007116 0.017600
0 0.726812 0.528535 0.009934 0.007749
1 0.605874 0.528905 0.015545 0.007899
4 0.563924 0.522251 0.005098 0.019831
0 0.529826 0.528458 0.009881 0.007870
0 0.543154 0.563888 0.006893 0.011031
5 0.537515 0.571067 0.017991 0.005714
6 0.776856 0.608638 0.006831 0.021390
6 0.709278 0.639145 0.019269 0.007584
9 0.649777 0.641047 0.013405 0.011803
0 0.600130 0.668513 0.006938 0.011129
0 0.613534 0.657384 0.010025 0.007751
1 0.583012 0.657034 0.015664 0.007751
10 0.756209 0.642546 0.042674 0.051067
0 0.543149 0.829081 0.007377 0.012105
0 0.654803 0.828965 0.006959 0.011077
0 0.712959 0.828965 0.007116 0.011419
0 0.807616 0.827977 0.007116 0.011333
0 0.214193 0.828971 0.007027 0.011223
0 0.317867 0.829017 0.007025 0.011232
0 0.380410 0.829120 0.006980 0.011154
0 0.472768 0.829095 0.007068 0.011378
0 0.289085 0.764502 0.007282 0.011312
6 0.384370 0.639161 0.019710 0.008283
6 0.442110 0.613817 0.007128 0.022130
9 0.313398 0.640859 0.013611 0.012105
1 0.442022 0.505257 0.007000 0.017509
4 0.436214 0.462946 0.018098 0.005902
0 0.451243 0.433503 0.010054 0.007870
5 0.457751 0.427457 0.005285 0.019961
0 0.441676 0.409575 0.007116 0.011227
0 0.200887 0.528031 0.010134 0.007911
0 0.214191 0.563842 0.006982 0.011447
1 0.276402 0.528189 0.015897 0.007870
4 0.234982 0.521626 0.005382 0.020089
5 0.208610 0.571250 0.018168 0.005861
