0 0.596170 0.674434 0.007124 0.010857
0 0.613043 0.663760 0.009821 0.007794
0 0.276158 0.663703 0.009924 0.008137
0 0.635760 0.735429 0.009794 0.008457
0 0.530173 0.529143 0.010150 0.009143
0 0.543082 0.564069 0.007844 0.011611
0 0.380163 0.824583 0.007474 0.011406
0 0.289067 0.764446 0.007288 0.011314
0 0.626148 0.764080 0.006918 0.010903
0 0.213949 0.824571 0.007062 0.010743
0 0.739314 0.320766 0.006897 0.011863
0 0.317583 0.824457 0.007083 0.011520
0 0.404200 0.320823 0.006835 0.010880
0 0.214145 0.563872 0.006918 0.010715
0 0.451143 0.433623 0.010130 0.007726
0 0.200926 0.528217 0.009924 0.007703
0 0.441764 0.409703 0.006856 0.010949
0 0.713053 0.697177 0.007000 0.011086
0 0.671526 0.696857 0.007083 0.011177
0 0.785598 0.437920 0.009903 0.007817
0 0.726745 0.528629 0.009759 0.007520
0 0.807433 0.824514 0.006918 0.010811
4 0.283790 0.700343 0.017822 0.005417
4 0.620433 0.700371 0.017770 0.005419
4 0.563897 0.522274 0.004838 0.019726
4 0.235042 0.521726 0.004900 0.019680
4 0.734021 0.313406 0.017822 0.005737
4 0.770988 0.468366 0.017752 0.005349
4 0.436261 0.463007 0.017822 0.005419
1 0.441878 0.504011 0.006794 0.017166
1 0.238489 0.664274 0.015339 0.007465
9 0.313504 0.641015 0.013267 0.011717
9 0.649908 0.641198 0.013270 0.011717
1 0.575365 0.664258 0.015339 0.007465
1 0.776531 0.505998 0.006774 0.017070
1 0.612494 0.529254 0.015530 0.007810
1 0.278402 0.528503 0.015442 0.007726
10 0.756218 0.642655 0.042187 0.049561
10 0.422195 0.641714 0.042207 0.049509
16 0.636667 0.522619 0.015355 0.019383
16 0.307794 0.523240 0.015357 0.019385
5 0.305199 0.729497 0.004921 0.019954
5 0.707494 0.704320 0.017748 0.005394
0 0.335201 0.693943 0.007288 0.011314
0 0.379969 0.693906 0.007288 0.011314
0 0.298670 0.735653 0.009924 0.008137
5 0.665985 0.704240 0.017875 0.005646
5 0.642475 0.729303 0.004900 0.019749
4 0.398752 0.313478 0.017822 0.005410
0 0.712343 0.824514 0.006897 0.010857
5 0.792012 0.432023 0.004859 0.019703
5 0.457731 0.427589 0.005024 0.019749
5 0.537591 0.571257 0.017822 0.005417
5 0.374352 0.701318 0.017748 0.005515
5 0.329751 0.701371 0.017665 0.005531
5 0.208606 0.571337 0.017789 0.005623
6 0.776848 0.611339 0.006774 0.021216
6 0.709306 0.639269 0.019024 0.007497
6 0.384239 0.639349 0.019045 0.007474
6 0.442073 0.613189 0.006691 0.021303
0 0.259399 0.674377 0.007083 0.011200
0 0.654622 0.824549 0.006959 0.010926
0 0.542948 0.824571 0.006835 0.011246
0 0.472689 0.824674 0.006774 0.011314
0 0.404478 0.119817 0.006815 0.010971
0 0.776508 0.417177 0.006877 0.011086
0 0.390045 0.528766 0.009862 0.007474
