8 0.278937 0.528490 0.013060 0.009410
7 0.542557 0.570121 0.008071 0.009198
7 0.214412 0.831166 0.007317 0.009714
7 0.288838 0.771154 0.007216 0.009079
4 0.796394 0.431987 0.005388 0.021374
7 0.790716 0.438283 0.007890 0.008759
9 0.313259 0.640983 0.014330 0.012297
8 0.441898 0.500903 0.008441 0.015749
6 0.442176 0.611358 0.007309 0.021897
10 0.422385 0.641677 0.042712 0.052039
7 0.404650 0.319509 0.007612 0.009486
6 0.384279 0.639326 0.019627 0.008023
8 0.591244 0.653918 0.013951 0.008453
4 0.620510 0.700262 0.018166 0.006082
7 0.626261 0.771823 0.007227 0.008560
7 0.280286 0.653909 0.007721 0.007886
7 0.268653 0.663634 0.007144 0.008503
8 0.255242 0.654101 0.013790 0.008187
4 0.282986 0.700478 0.018598 0.006944
7 0.199819 0.527923 0.007890 0.008546
4 0.235130 0.521733 0.006158 0.020928
7 0.390436 0.528434 0.008009 0.007909
4 0.436372 0.463454 0.019164 0.006921
7 0.441713 0.409646 0.007330 0.008640
7 0.404468 0.122160 0.007536 0.008846
6 0.776899 0.611280 0.007412 0.021966
6 0.708961 0.638960 0.020616 0.008160
9 0.649876 0.640994 0.013609 0.012137
10 0.756287 0.643080 0.042720 0.051280
7 0.616399 0.653800 0.008091 0.008103
7 0.604622 0.663829 0.007515 0.009065
5 0.329712 0.704607 0.018205 0.005707
5 0.707054 0.704382 0.017929 0.005810
7 0.712621 0.698199 0.007247 0.008777
7 0.671309 0.698265 0.007680 0.008645
5 0.665905 0.704443 0.018489 0.005687
7 0.807200 0.830983 0.007218 0.008754
7 0.712600 0.830949 0.007288 0.008914
7 0.654567 0.830918 0.007111 0.008971
7 0.529648 0.528709 0.008071 0.008183
7 0.739284 0.122091 0.007083 0.008617
8 0.776704 0.504309 0.007144 0.015474
7 0.725714 0.528526 0.007883 0.008091
7 0.542629 0.831006 0.007309 0.008617
7 0.472648 0.830937 0.007268 0.008846
4 0.399450 0.313227 0.018472 0.005637
7 0.776549 0.415246 0.007618 0.009189
4 0.770380 0.468069 0.021056 0.007077
4 0.558944 0.523057 0.005769 0.020651
7 0.379638 0.830983 0.007083 0.008526
7 0.334919 0.698206 0.007783 0.008946
7 0.304083 0.735222 0.008058 0.008021
5 0.309640 0.729283 0.005279 0.020514
5 0.373962 0.704298 0.017783 0.005707
7 0.379446 0.698129 0.007647 0.008482
7 0.641585 0.734702 0.008602 0.008439
5 0.647286 0.728592 0.005600 0.020658
7 0.214268 0.568509 0.008112 0.009593
7 0.317573 0.831151 0.007680 0.009026
5 0.208636 0.574945 0.018425 0.005995
8 0.610817 0.528737 0.013605 0.008651
5 0.533004 0.576526 0.027013 0.006194
7 0.739551 0.319463 0.007618 0.008754
4 0.733961 0.313169 0.018798 0.006027
7 0.455674 0.432819 0.008322 0.009483
5 0.461567 0.427307 0.005773 0.020507
