5 0.767542 0.609141 0.017686 0.005486
21 0.840902 0.583891 0.015215 0.022686
21 0.798579 0.466133 0.015318 0.022843
21 0.124830 0.591349 0.015236 0.022674
0 0.236582 0.358698 0.006609 0.010750
0 0.817107 0.132702 0.009619 0.007351
0 0.798306 0.143688 0.006860 0.010759
0 0.290215 0.358744 0.006846 0.010731
0 0.306320 0.369438 0.009638 0.007319
0 0.184017 0.598835 0.009483 0.007527
16 0.264536 0.421170 0.015050 0.019008
0 0.170681 0.358570 0.006671 0.010453
0 0.297865 0.626063 0.006617 0.010526
0 0.311280 0.615603 0.009617 0.007344
4 0.320090 0.592547 0.004873 0.019449
16 0.563900 0.259118 0.017373 0.016937
16 0.264381 0.363851 0.015112 0.019182
4 0.391464 0.377817 0.017711 0.005143
0 0.569092 0.302522 0.006658 0.010494
0 0.559344 0.289913 0.009613 0.007570
0 0.610774 0.290087 0.009442 0.007470
0 0.610735 0.220354 0.009636 0.007415
0 0.594226 0.199473 0.009580 0.007385
0 0.559595 0.219021 0.009625 0.007394
0 0.780772 0.590919 0.009599 0.007648
0 0.688028 0.473338 0.009615 0.007371
4 0.681438 0.466998 0.004869 0.019650
0 0.709834 0.484088 0.006747 0.010855
5 0.715320 0.491365 0.017719 0.005403
4 0.680981 0.512514 0.004721 0.019493
0 0.772802 0.473040 0.009471 0.007301
0 0.698764 0.732863 0.006702 0.010521
0 0.761989 0.732862 0.006617 0.010702
0 0.798060 0.732915 0.006660 0.010759
0 0.594134 0.318789 0.009755 0.008160
0 0.569106 0.209601 0.007021 0.011015
13 0.494686 0.193530 0.020795 0.023083
13 0.471146 0.169792 0.020010 0.023520
16 0.615392 0.260021 0.017373 0.017307
2 0.495702 0.237799 0.007336 0.017202
2 0.471863 0.210298 0.007684 0.017712
5 0.203890 0.616439 0.017667 0.005431
0 0.199220 0.732848 0.006679 0.010647
1 0.263668 0.615734 0.015221 0.007422
0 0.198460 0.609193 0.006749 0.010587
4 0.768071 0.126925 0.004727 0.019778
0 0.281005 0.615489 0.009496 0.007344
0 0.687820 0.618183 0.009636 0.007291
5 0.681247 0.612198 0.004824 0.019632
4 0.681277 0.584739 0.004875 0.019701
0 0.687827 0.590893 0.009580 0.007294
0 0.761987 0.601966 0.006728 0.010889
0 0.225231 0.369247 0.009666 0.007275
4 0.182414 0.362611 0.005046 0.019952
0 0.157980 0.368853 0.009825 0.007470
0 0.211008 0.397386 0.006586 0.010731
0 0.239723 0.415399 0.006702 0.010853
0 0.286865 0.415325 0.006702 0.010581
5 0.803703 0.150905 0.017824 0.005253
4 0.574097 0.360878 0.017818 0.005339
0 0.318244 0.397487 0.006708 0.010686
0 0.774615 0.133183 0.009461 0.007440
