4 0.757521 0.161225 0.018184 0.005934
0 0.287682 0.051359 0.007037 0.011248
0 0.267901 0.061506 0.010054 0.007986
0 0.091757 0.204591 0.010132 0.007728
0 0.260036 0.204213 0.010132 0.007986
0 0.236409 0.166629 0.010117 0.008014
0 0.251947 0.146174 0.007052 0.011333
0 0.261487 0.136666 0.009990 0.007993
0 0.339032 0.121021 0.007037 0.011161
0 0.348737 0.103550 0.010054 0.007813
0 0.184880 0.291182 0.010208 0.007931
14 0.251935 0.123291 0.007375 0.008494
0 0.212772 0.097103 0.007113 0.011175
0 0.201811 0.107296 0.009864 0.007863
0 0.118756 0.126126 0.010163 0.007886
3 0.128868 0.111808 0.007816 0.017691
4 0.374638 0.223269 0.018030 0.006267
4 0.708766 0.172111 0.005631 0.020089
0 0.752097 0.168634 0.007196 0.011221
0 0.805888 0.179449 0.009866 0.007584
0 0.752434 0.081441 0.006798 0.011115
4 0.318321 0.286033 0.005816 0.020126
5 0.209469 0.313519 0.018077 0.006027
0 0.204014 0.306321 0.006957 0.011175
0 0.148412 0.452920 0.009926 0.007605
0 0.169772 0.468161 0.006850 0.011115
5 0.175284 0.475426 0.018050 0.005947
4 0.318495 0.447647 0.005555 0.019815
0 0.169736 0.548249 0.006893 0.010953
0 0.203728 0.548283 0.006829 0.011163
4 0.318367 0.573960 0.005555 0.019915
0 0.109562 0.621273 0.009835 0.007986
0 0.130690 0.636135 0.007103 0.011223
5 0.136007 0.643389 0.018054 0.005461
0 0.130839 0.703077 0.007006 0.011058
0 0.313687 0.731815 0.010109 0.007986
0 0.297022 0.742431 0.007011 0.011221
1 0.276087 0.732278 0.015683 0.007934
4 0.372415 0.759919 0.018032 0.006064
4 0.394927 0.758402 0.018032 0.005701
5 0.372090 0.799079 0.017834 0.005728
0 0.366628 0.791673 0.006765 0.011022
0 0.366615 0.849575 0.007013 0.011323
0 0.617269 0.888566 0.007344 0.011938
5 0.611573 0.895818 0.018032 0.005963
0 0.617162 0.927560 0.006640 0.011234
0 0.657033 0.878193 0.010274 0.008249
0 0.690941 0.927522 0.006951 0.011355
0 0.691006 0.796061 0.006747 0.011115
0 0.730912 0.785731 0.009846 0.007801
14 0.339124 0.087387 0.007377 0.009614
15 0.336751 0.060597 0.013342 0.022405
15 0.249485 0.105667 0.012703 0.022261
14 0.128622 0.095206 0.007538 0.008903
14 0.229942 0.107365 0.007424 0.008859
14 0.307577 0.061949 0.007684 0.009150
21 0.812992 0.778795 0.015359 0.022825
21 0.135835 0.284903 0.015421 0.022789
21 0.122040 0.445531 0.015421 0.022903
21 0.100765 0.532432 0.015312 0.022853
21 0.097674 0.572329 0.015279 0.022853
