7 0.451945 0.432912 0.007842 0.008005
8 0.441910 0.503048 0.007336 0.015376
8 0.277162 0.528191 0.013595 0.008075
4 0.234865 0.522159 0.005683 0.020139
7 0.200310 0.528344 0.007925 0.008089
7 0.389847 0.528302 0.007892 0.008256
7 0.214010 0.568567 0.007146 0.008846
5 0.208635 0.574570 0.018151 0.005968
9 0.313614 0.640773 0.013858 0.012462
6 0.442188 0.611043 0.007208 0.021653
6 0.384345 0.639149 0.019578 0.008491
10 0.422178 0.641728 0.042709 0.051319
8 0.254508 0.662712 0.013661 0.008341
4 0.283709 0.700078 0.017910 0.005897
5 0.305566 0.729253 0.005540 0.020050
5 0.374397 0.704231 0.018289 0.005728
5 0.329775 0.704273 0.018289 0.005643
7 0.279685 0.662702 0.007651 0.007721
7 0.267994 0.672478 0.007134 0.008763
7 0.379852 0.698072 0.007083 0.008917
7 0.335268 0.697967 0.006957 0.008985
7 0.300260 0.735250 0.007801 0.008133
7 0.289192 0.762009 0.007291 0.009166
7 0.864686 0.829115 0.007070 0.008581
7 0.842157 0.828987 0.007286 0.009015
7 0.472874 0.829098 0.007062 0.008542
7 0.380229 0.829123 0.007062 0.008834
7 0.317409 0.829128 0.007167 0.008834
7 0.213960 0.829055 0.007361 0.008930
5 0.750117 0.212837 0.018023 0.005833
5 0.716948 0.212699 0.018087 0.005829
7 0.722427 0.206731 0.007210 0.008763
7 0.777541 0.195587 0.007830 0.008290
7 0.755502 0.206505 0.007286 0.008695
7 0.802995 0.215727 0.007212 0.009026
7 0.698218 0.195637 0.007999 0.008443
7 0.673958 0.215800 0.007476 0.009173
5 0.768749 0.281609 0.018128 0.005911
5 0.700422 0.281467 0.018023 0.005829
7 0.774258 0.275647 0.006852 0.008971
7 0.705864 0.275387 0.007214 0.009317
7 0.404535 0.318447 0.007525 0.009127
7 0.404218 0.118473 0.007019 0.008846
7 0.724592 0.510927 0.007237 0.009259
7 0.792858 0.510935 0.006922 0.008594
7 0.692622 0.434141 0.007196 0.008999
7 0.741069 0.417913 0.007013 0.008695
7 0.774171 0.417913 0.007103 0.008695
7 0.821819 0.433968 0.007286 0.008677
7 0.717131 0.392822 0.007739 0.007920
7 0.796321 0.392863 0.007968 0.008002
5 0.719119 0.516785 0.018139 0.005982
5 0.787418 0.517038 0.017986 0.005646
5 0.735596 0.423946 0.017834 0.005968
5 0.768766 0.424262 0.018277 0.006178
17 0.756776 0.483808 0.014161 0.019287
17 0.756761 0.387447 0.013988 0.019534
17 0.738071 0.189450 0.013638 0.019655
17 0.738005 0.254889 0.014033 0.019799
5 0.399222 0.312408 0.018275 0.005899
4 0.436116 0.462899 0.018137 0.006233
5 0.457346 0.426818 0.005312 0.020078
7 0.441687 0.410703 0.007431 0.009099
