4 0.283143 0.700280 0.017676 0.005086
0 0.379783 0.827133 0.006755 0.010667
1 0.569930 0.663007 0.015273 0.007280
0 0.587983 0.663026 0.009609 0.007351
0 0.441681 0.455734 0.006899 0.011093
4 0.436226 0.463053 0.017706 0.005255
0 0.789374 0.438154 0.009590 0.007371
0 0.390025 0.528214 0.009450 0.007207
5 0.795952 0.432114 0.004550 0.019726
1 0.442192 0.505519 0.006714 0.017035
5 0.647195 0.728822 0.004849 0.019723
4 0.770764 0.463053 0.017768 0.005323
0 0.530801 0.528299 0.009648 0.007442
0 0.776452 0.455783 0.006640 0.010578
0 0.228519 0.528311 0.009576 0.007406
4 0.733706 0.313589 0.017583 0.004983
0 0.725527 0.528405 0.009576 0.007438
0 0.542817 0.568723 0.006778 0.010576
0 0.599611 0.674575 0.006663 0.010585
9 0.649822 0.641081 0.013471 0.011744
0 0.625614 0.707639 0.006702 0.010615
0 0.808115 0.827128 0.006702 0.010599
0 0.472828 0.827007 0.006574 0.010617
0 0.712526 0.827090 0.006621 0.010725
0 0.625958 0.763083 0.006687 0.010551
0 0.654894 0.827147 0.006671 0.010697
0 0.543079 0.827153 0.006698 0.010599
0 0.318220 0.827113 0.006652 0.010546
0 0.289304 0.763126 0.006576 0.010521
0 0.303046 0.735442 0.009835 0.007237
0 0.640560 0.734930 0.009776 0.007506
6 0.776900 0.615034 0.006578 0.020885
0 0.671560 0.696931 0.006685 0.010663
5 0.537253 0.575915 0.017743 0.005481
6 0.709311 0.639263 0.018874 0.007234
5 0.706959 0.702674 0.017669 0.005595
5 0.665893 0.704186 0.017624 0.005346
4 0.620387 0.700277 0.017682 0.005371
0 0.611294 0.663379 0.009572 0.007394
0 0.712415 0.695501 0.006728 0.010713
0 0.404660 0.137250 0.006693 0.010734
0 0.739890 0.137357 0.006714 0.010485
0 0.739364 0.320789 0.006593 0.010491
0 0.441519 0.408112 0.006609 0.010523
1 0.606269 0.528163 0.015240 0.007504
0 0.454719 0.433200 0.009566 0.007337
5 0.461370 0.427056 0.004795 0.019589
1 0.777145 0.503398 0.006492 0.016871
0 0.776340 0.416689 0.006763 0.010581
10 0.756115 0.642531 0.041643 0.049182
0 0.335272 0.694103 0.006578 0.010647
0 0.379892 0.695558 0.006558 0.010521
5 0.374231 0.702779 0.017776 0.005289
5 0.309501 0.729301 0.005042 0.019520
10 0.421914 0.641623 0.042493 0.049417
6 0.384232 0.639370 0.019121 0.007550
9 0.313445 0.640935 0.013103 0.011598
5 0.208573 0.574651 0.017752 0.005371
0 0.214194 0.567463 0.006770 0.010784
0 0.202719 0.528385 0.009539 0.007266
1 0.277817 0.528304 0.015197 0.007451
4 0.234955 0.522202 0.004869 0.019655
0 0.404234 0.320705 0.006656 0.010795
4 0.563835 0.522905 0.004713 0.019566
0 0.557199 0.529048 0.009786 0.007280
4 0.398721 0.313435 0.017579 0.005358
5 0.329647 0.701405 0.017951 0.005323
0 0.274402 0.663411 0.009631 0.007280
0 0.248688 0.663119 0.009607 0.007472
1 0.233013 0.662902 0.015456 0.007253
0 0.262708 0.674965 0.006582 0.010565
0 0.288693 0.707394 0.006745 0.010670
