5 0.835760 0.631497 0.017758 0.005440
0 0.764453 0.506411 0.009780 0.007520
0 0.844544 0.506594 0.009780 0.007520
0 0.789479 0.530663 0.006794 0.010903
5 0.783996 0.537930 0.017760 0.005374
0 0.900893 0.857161 0.006788 0.010766
5 0.817330 0.537882 0.017760 0.005374
0 0.822730 0.530637 0.006794 0.010850
0 0.870142 0.548903 0.006794 0.010811
16 0.806484 0.501974 0.015361 0.019371
0 0.741816 0.548949 0.006753 0.010720
16 0.806413 0.597656 0.015421 0.019371
0 0.773047 0.624297 0.006790 0.010743
5 0.767598 0.631443 0.017758 0.005378
0 0.841239 0.624286 0.006790 0.010766
