7 0.365408 0.296650 0.007167 0.008834
2 0.331634 0.759335 0.008497 0.018656
7 0.398582 0.296563 0.006903 0.008542
2 0.359959 0.707135 0.008120 0.018658
2 0.424446 0.696758 0.008308 0.018448
2 0.313317 0.701370 0.008499 0.018869
2 0.279610 0.701581 0.007933 0.018448
2 0.255968 0.682784 0.016609 0.009463
2 0.331382 0.682542 0.016611 0.009221
17 0.294616 0.738088 0.016838 0.020089
7 0.744284 0.411151 0.007739 0.008190
5 0.359894 0.302722 0.018120 0.005966
5 0.750021 0.405186 0.005193 0.020119
5 0.393160 0.302719 0.017916 0.005616
7 0.341461 0.271651 0.007958 0.007723
17 0.381112 0.266185 0.014025 0.019410
7 0.735723 0.807389 0.007999 0.008299
7 0.815387 0.853975 0.007344 0.009170
7 0.678534 0.853622 0.007058 0.008930
7 0.678707 0.817447 0.007013 0.008795
6 0.735506 0.510149 0.007542 0.028873
7 0.420671 0.271680 0.007988 0.008046
7 0.445914 0.312525 0.007344 0.009173
7 0.317063 0.312674 0.007286 0.008425
17 0.381228 0.362049 0.014007 0.019216
7 0.348888 0.389583 0.007474 0.009026
7 0.417273 0.389493 0.007134 0.008594
5 0.343381 0.395709 0.018032 0.005703
5 0.411858 0.395690 0.017865 0.005675
7 0.735736 0.383847 0.007931 0.009559
4 0.568677 0.527014 0.017939 0.006919
4 0.569209 0.591653 0.018394 0.006167
5 0.673333 0.823310 0.018122 0.006167
7 0.475293 0.855065 0.007103 0.009303
6 0.610945 0.607799 0.007869 0.029175
17 0.294415 0.677806 0.016807 0.020754
19 0.307296 0.449149 0.007760 0.015650
19 0.261945 0.436472 0.013661 0.008491
14 0.136895 0.436808 0.007737 0.008153
14 0.175645 0.436518 0.007869 0.008734
14 0.134862 0.682464 0.007999 0.008443
14 0.178271 0.682579 0.007515 0.008171
2 0.231646 0.706821 0.008308 0.018866
2 0.262898 0.759335 0.008497 0.018656
