4 0.497518 0.517306 0.017923 0.005822
4 0.534727 0.517367 0.018468 0.005943
4 0.572047 0.517427 0.018139 0.006064
0 0.888316 0.412697 0.010521 0.008434
0 0.876931 0.422719 0.007365 0.011321
0 0.837371 0.449761 0.010574 0.007966
0 0.823774 0.460873 0.007177 0.011739
5 0.871411 0.430072 0.017968 0.006114
5 0.818273 0.468121 0.018023 0.005851
0 0.268537 0.648726 0.009881 0.007801
0 0.251761 0.659306 0.006982 0.011115
1 0.230770 0.649216 0.015709 0.007835
0 0.321163 0.702826 0.007321 0.011527
0 0.320838 0.758953 0.007342 0.011648
5 0.326564 0.710381 0.018139 0.005643
4 0.326260 0.671542 0.018289 0.005813
4 0.572447 0.671362 0.018808 0.006793
5 0.577817 0.724110 0.018141 0.005586
0 0.583223 0.716733 0.007113 0.011234
0 0.611475 0.706490 0.010054 0.008002
0 0.823750 0.886429 0.006990 0.011289
14 0.642879 0.106847 0.007081 0.008880
14 0.730250 0.142856 0.007867 0.008373
0 0.633363 0.122911 0.009992 0.007792
0 0.643230 0.140502 0.007321 0.011161
0 0.720674 0.156031 0.010169 0.008002
0 0.730086 0.175823 0.007375 0.011120
0 0.745650 0.215878 0.010109 0.008089
0 0.878424 0.278135 0.010016 0.007886
0 0.698712 0.277720 0.010016 0.007920
15 0.644585 0.079486 0.012868 0.022423
6 0.320460 0.341922 0.007159 0.029737
14 0.674432 0.081209 0.007348 0.008160
14 0.752037 0.126674 0.007410 0.008370
14 0.853326 0.117184 0.007348 0.008242
21 0.778504 0.271584 0.015312 0.022757
21 0.771707 0.442813 0.015314 0.022855
21 0.867906 0.698430 0.015269 0.022853
6 0.321325 0.271451 0.007377 0.028841
3 0.853440 0.131561 0.007651 0.018075
0 0.863285 0.145426 0.009992 0.007863
15 0.732039 0.124905 0.012652 0.022432
0 0.773863 0.116515 0.006957 0.011303
0 0.801405 0.126835 0.009802 0.008075
0 0.694483 0.070744 0.007212 0.011285
0 0.714263 0.081056 0.010054 0.007886
4 0.325899 0.517385 0.017941 0.006775
