4 0.743948 0.655743 0.017927 0.005653
0 0.115256 0.125897 0.009718 0.007543
19 0.784039 0.632606 0.007237 0.014560
19 0.820161 0.621245 0.013103 0.007870
4 0.630111 0.683966 0.004797 0.019726
4 0.605285 0.655053 0.017735 0.005374
4 0.629813 0.771566 0.004797 0.019703
4 0.709224 0.772251 0.004797 0.019703
4 0.745018 0.812922 0.017727 0.005410
2 0.743999 0.840994 0.007303 0.017303
2 0.755139 0.851417 0.007416 0.017211
2 0.779524 0.827120 0.015545 0.008206
2 0.803160 0.845781 0.007309 0.017211
2 0.836571 0.845808 0.007414 0.017211
2 0.883499 0.851429 0.007414 0.017211
2 0.854849 0.827031 0.015483 0.008206
2 0.786372 0.903639 0.007416 0.017211
2 0.855137 0.903680 0.007412 0.017211
16 0.818507 0.881918 0.015190 0.019058
16 0.817694 0.821917 0.015190 0.019330
0 0.698940 0.940046 0.006774 0.010834
0 0.699067 0.958457 0.006774 0.010766
0 0.724274 0.929063 0.009677 0.007429
5 0.693463 0.947302 0.017809 0.005602
4 0.605506 0.812771 0.017848 0.005383
11 0.738520 0.734354 0.046856 0.142263
0 0.375596 0.833091 0.006848 0.010640
0 0.375596 0.792429 0.006774 0.010686
5 0.381007 0.799566 0.017686 0.005166
0 0.304724 0.741450 0.006772 0.010640
0 0.321536 0.730846 0.009677 0.007474
4 0.381602 0.760120 0.017731 0.005383
4 0.404085 0.758495 0.017813 0.005383
4 0.429833 0.636240 0.004777 0.019680
0 0.130726 0.703094 0.006772 0.010640
0 0.130719 0.636247 0.006877 0.010642
0 0.109625 0.621326 0.009656 0.007497
5 0.136113 0.643497 0.017682 0.005349
6 0.315853 0.621211 0.025283 0.007589
4 0.326471 0.447561 0.004777 0.019803
4 0.325840 0.286046 0.004857 0.019680
4 0.383683 0.223429 0.017603 0.005394
0 0.248343 0.156169 0.006877 0.010770
0 0.257824 0.136469 0.009656 0.007520
0 0.232733 0.196318 0.009588 0.007447
0 0.171942 0.107225 0.009656 0.007520
0 0.204652 0.096899 0.006796 0.010681
0 0.264379 0.061429 0.009656 0.007520
0 0.284023 0.051121 0.006877 0.010809
0 0.345118 0.103301 0.009656 0.007520
0 0.335403 0.120891 0.006774 0.010743
14 0.304025 0.061554 0.007021 0.007726
14 0.335650 0.087223 0.007062 0.007680
14 0.248394 0.123134 0.007021 0.007726
14 0.226374 0.107189 0.006959 0.007726
14 0.125085 0.096986 0.007021 0.007641
15 0.245277 0.105987 0.013634 0.023728
3 0.125015 0.111851 0.007132 0.017303
15 0.332419 0.060305 0.013634 0.023728
4 0.708790 0.172122 0.004820 0.019737
4 0.758431 0.161534 0.017789 0.005399
0 0.752934 0.168719 0.006753 0.010718
0 0.786380 0.179257 0.009739 0.007474
0 0.752436 0.084138 0.006753 0.010718
1 0.283776 0.731371 0.015195 0.007383
0 0.178959 0.546034 0.006838 0.010697
0 0.203772 0.545871 0.006877 0.010645
0 0.178988 0.468295 0.006936 0.010875
0 0.159944 0.453451 0.009656 0.007794
5 0.184561 0.475656 0.017848 0.005543
0 0.203912 0.306378 0.006753 0.011015
0 0.181418 0.291726 0.009699 0.007817
5 0.209398 0.313611 0.017676 0.005737
21 0.819230 0.920354 0.015359 0.022880
21 0.108278 0.445629 0.015444 0.022891
21 0.144982 0.283832 0.015475 0.022567
