0 0.543167 0.829049 0.006831 0.010784
5 0.208651 0.571480 0.017937 0.005671
0 0.214152 0.564101 0.006710 0.011104
1 0.276385 0.528318 0.015483 0.007822
0 0.389911 0.528521 0.009800 0.007474
0 0.200926 0.528103 0.009759 0.007520
0 0.441590 0.409833 0.006698 0.010839
0 0.451125 0.433715 0.009876 0.007938
5 0.457766 0.427477 0.005221 0.020165
9 0.313342 0.641065 0.013424 0.012370
6 0.384323 0.639491 0.019121 0.008011
10 0.422102 0.641771 0.042228 0.050171
6 0.442039 0.608786 0.006883 0.021371
0 0.379877 0.694126 0.006726 0.011182
5 0.374387 0.701425 0.017789 0.005593
5 0.329847 0.701451 0.017816 0.005600
0 0.335228 0.694066 0.006918 0.010953
4 0.283802 0.700317 0.017984 0.005881
0 0.262889 0.674462 0.006811 0.010958
0 0.276228 0.663346 0.009648 0.007771
1 0.245795 0.662968 0.015440 0.007536
0 0.298754 0.735525 0.009862 0.007470
5 0.305253 0.729376 0.004989 0.019648
0 0.289034 0.764573 0.006761 0.010795
0 0.214209 0.829115 0.006702 0.010647
0 0.317812 0.829131 0.006702 0.010766
0 0.380389 0.829159 0.006856 0.010647
0 0.472737 0.829112 0.006747 0.010750
4 0.235033 0.521686 0.005042 0.019966
0 0.654876 0.829109 0.006862 0.010811
0 0.712960 0.829151 0.006792 0.010864
0 0.807641 0.828182 0.006827 0.010704
0 0.626175 0.764057 0.006905 0.010949
0 0.635711 0.735440 0.010150 0.007474
5 0.642331 0.729363 0.005312 0.019824
4 0.620502 0.700248 0.017781 0.005488
5 0.666018 0.704184 0.017851 0.005666
5 0.707514 0.704191 0.017733 0.005529
0 0.712981 0.696887 0.006860 0.010816
0 0.671488 0.696947 0.006788 0.011138
0 0.600109 0.674407 0.006807 0.010848
0 0.613547 0.663328 0.009800 0.007616
1 0.583014 0.662938 0.015524 0.007623
9 0.649889 0.641173 0.013296 0.011826
6 0.709331 0.639258 0.018950 0.007385
10 0.756225 0.642680 0.042069 0.049771
6 0.776888 0.608771 0.006903 0.021346
1 0.776580 0.504229 0.006856 0.017280
0 0.726747 0.528550 0.009825 0.007568
4 0.770919 0.468423 0.017807 0.005554
5 0.792081 0.431871 0.004717 0.019531
0 0.785687 0.437994 0.009714 0.007577
0 0.776543 0.417273 0.006765 0.010693
0 0.543127 0.563989 0.006848 0.010802
5 0.537611 0.571122 0.017803 0.005559
4 0.563888 0.522187 0.004795 0.019657
0 0.529772 0.528526 0.009827 0.007634
1 0.605858 0.529071 0.015298 0.007783
0 0.739603 0.321057 0.006897 0.010809
4 0.734177 0.313707 0.017830 0.005563
0 0.739695 0.128937 0.006794 0.010560
0 0.404239 0.320755 0.006905 0.011015
4 0.398839 0.313479 0.017706 0.005701
0 0.404993 0.128970 0.006815 0.010768
1 0.442053 0.505337 0.006938 0.017029
4 0.436195 0.463063 0.017871 0.005394
16 0.307964 0.522963 0.015615 0.018955
16 0.636453 0.523074 0.015874 0.019269
