0 0.640741 0.644779 0.010109 0.008087
0 0.404988 0.140655 0.006949 0.011175
0 0.404382 0.319611 0.006702 0.011515
4 0.398879 0.312159 0.017787 0.006096
0 0.754027 0.393256 0.010109 0.008391
0 0.779116 0.392851 0.010016 0.008190
0 0.821812 0.393539 0.009866 0.007792
0 0.846738 0.393467 0.010091 0.007703
0 0.768635 0.415022 0.007013 0.011323
0 0.790287 0.415442 0.007056 0.011122
0 0.811763 0.415526 0.006908 0.011289
0 0.832047 0.415541 0.007103 0.011310
5 0.763080 0.422362 0.018032 0.005863
5 0.784795 0.422811 0.018098 0.006034
5 0.806246 0.422761 0.017972 0.005911
5 0.826562 0.422761 0.017916 0.005792
16 0.800980 0.387866 0.016014 0.019714
16 0.802626 0.482997 0.016173 0.019776
0 0.754101 0.488944 0.010056 0.007863
0 0.779081 0.488594 0.010181 0.007863
0 0.821799 0.488803 0.009866 0.008144
0 0.846821 0.488799 0.010101 0.007801
0 0.768684 0.511931 0.006955 0.011163
0 0.790628 0.511895 0.007083 0.011374
0 0.811529 0.511966 0.007146 0.011232
5 0.763043 0.519225 0.017908 0.005719
5 0.785172 0.519274 0.018023 0.006037
5 0.806009 0.519098 0.017960 0.005968
5 0.827260 0.519223 0.017953 0.005851
16 0.595901 0.734984 0.016541 0.020377
16 0.594314 0.638634 0.016996 0.019874
0 0.547900 0.644477 0.010200 0.008089
0 0.572987 0.644224 0.010290 0.007785
0 0.615699 0.644784 0.010109 0.007895
0 0.562607 0.666313 0.006831 0.011122
0 0.584190 0.666667 0.007013 0.011625
0 0.605690 0.666681 0.006982 0.011543
0 0.625951 0.666639 0.007286 0.011289
5 0.556900 0.673673 0.018063 0.005897
5 0.578491 0.673927 0.017986 0.005897
5 0.600081 0.673927 0.017910 0.005728
5 0.620452 0.673898 0.018137 0.005995
0 0.692702 0.826717 0.007212 0.011646
0 0.892704 0.826669 0.007431 0.011646
0 0.547918 0.740095 0.010163 0.008249
0 0.573107 0.739731 0.010274 0.008007
0 0.615670 0.739853 0.010163 0.008249
0 0.640750 0.739913 0.010272 0.008370
0 0.562554 0.763032 0.007208 0.011449
0 0.584569 0.763074 0.007058 0.011383
0 0.605438 0.763374 0.006905 0.011456
0 0.626725 0.763121 0.007134 0.011289
5 0.557136 0.770405 0.018213 0.005989
5 0.579104 0.770535 0.017834 0.005897
5 0.599823 0.770366 0.017986 0.006066
5 0.621173 0.770493 0.018128 0.005968
0 0.441666 0.406368 0.007474 0.011648
0 0.454794 0.433250 0.010474 0.008187
0 0.441771 0.455795 0.007194 0.011221
4 0.436268 0.463009 0.017984 0.005982
5 0.461406 0.427183 0.005250 0.020149
1 0.442037 0.505053 0.007649 0.017954
1 0.276513 0.528208 0.015967 0.008073
0 0.201089 0.527605 0.010117 0.007899
0 0.228520 0.527721 0.010278 0.007781
4 0.234959 0.521638 0.005322 0.020126
0 0.390834 0.527998 0.010093 0.007835
0 0.214118 0.567282 0.006955 0.011374
5 0.208580 0.574549 0.018157 0.006107
0 0.213826 0.826783 0.007237 0.011879
0 0.318000 0.826783 0.007554 0.012578
0 0.289046 0.762581 0.007867 0.012055
0 0.302422 0.735206 0.010383 0.008249
0 0.288817 0.707486 0.007431 0.011525
0 0.250167 0.663201 0.010245 0.007920
0 0.274868 0.662738 0.010474 0.008174
0 0.262916 0.674281 0.007208 0.011374
8 0.233207 0.662738 0.014723 0.007835
0 0.380935 0.826722 0.007000 0.011433
0 0.473050 0.826695 0.007393 0.011255
5 0.308920 0.729287 0.004993 0.020261
4 0.283224 0.700195 0.018365 0.006233
5 0.373898 0.704194 0.018075 0.006025
0 0.379490 0.696858 0.007019 0.011303
9 0.313541 0.640584 0.014116 0.012030
6 0.384235 0.639219 0.019761 0.008089
6 0.442134 0.613629 0.006982 0.021653
10 0.422173 0.642000 0.042786 0.051319
21 0.699527 0.641806 0.020686 0.040187
21 0.698961 0.636829 0.015295 0.022754
