0 0.783833 0.416430 0.007649 0.011749
0 0.817142 0.416330 0.007437 0.011303
0 0.838921 0.392251 0.009916 0.007959
0 0.864549 0.434661 0.007171 0.011205
0 0.767391 0.509928 0.007330 0.011559
0 0.835540 0.509929 0.007223 0.011794
5 0.778525 0.423739 0.018380 0.005897
5 0.811617 0.423799 0.018058 0.006016
5 0.761850 0.517128 0.017890 0.006005
5 0.830124 0.517230 0.017945 0.005938
0 0.886396 0.826438 0.007118 0.011321
0 0.736091 0.434683 0.007521 0.011456
0 0.758659 0.392298 0.010305 0.007902
4 0.399124 0.312411 0.018034 0.006030
0 0.404610 0.319739 0.006905 0.011301
1 0.441939 0.503894 0.007128 0.017803
0 0.390071 0.528570 0.010395 0.008034
1 0.276746 0.528589 0.015790 0.007870
0 0.202026 0.528385 0.010043 0.007870
4 0.234987 0.522293 0.005567 0.020005
4 0.436138 0.462912 0.018003 0.006181
5 0.457249 0.426802 0.005477 0.020297
0 0.450708 0.432947 0.010204 0.008048
0 0.441601 0.410242 0.006936 0.011328
0 0.214398 0.826454 0.007033 0.011285
0 0.317816 0.826454 0.007099 0.011143
0 0.380091 0.826525 0.006840 0.011285
0 0.472831 0.826454 0.007033 0.011285
0 0.289261 0.762944 0.006926 0.011387
4 0.283764 0.700095 0.018238 0.006224
5 0.305539 0.729334 0.005289 0.020089
5 0.374057 0.704328 0.018096 0.006096
0 0.379630 0.697037 0.007385 0.011527
0 0.299135 0.735330 0.010208 0.007931
1 0.245775 0.662261 0.016010 0.007813
0 0.262944 0.673721 0.007037 0.011333
0 0.276283 0.662561 0.010054 0.008071
9 0.313483 0.640938 0.014015 0.012363
6 0.384265 0.639251 0.019335 0.008071
10 0.422086 0.641486 0.042495 0.050382
6 0.442208 0.608662 0.007089 0.021963
0 0.404679 0.132897 0.007138 0.011463
5 0.208551 0.574549 0.018151 0.005842
0 0.214109 0.567305 0.007035 0.011387
16 0.800739 0.387782 0.016208 0.019742
16 0.800906 0.483762 0.015853 0.020142
16 0.308184 0.522805 0.016129 0.019653
