0 0.404536 0.121606 0.006823 0.010763
5 0.761674 0.517200 0.017768 0.005463
5 0.829914 0.517205 0.017748 0.005458
0 0.259306 0.676155 0.006897 0.010825
1 0.238483 0.665978 0.015314 0.007294
4 0.283827 0.700297 0.017768 0.005577
5 0.305479 0.729337 0.005069 0.019680
0 0.298985 0.735402 0.009771 0.007445
5 0.329391 0.704320 0.017851 0.005623
0 0.334939 0.697015 0.006794 0.010761
0 0.379524 0.697038 0.006897 0.010761
5 0.373996 0.704275 0.017789 0.005671
0 0.289258 0.762994 0.006784 0.010789
0 0.213924 0.828754 0.006741 0.010743
0 0.317192 0.828731 0.006877 0.010789
0 0.379791 0.828778 0.006817 0.010741
0 0.472848 0.828789 0.006887 0.010720
0 0.885669 0.828722 0.006784 0.010789
0 0.767152 0.509977 0.006784 0.010949
0 0.835375 0.509995 0.006759 0.010784
0 0.864237 0.434813 0.006835 0.010782
0 0.816910 0.416442 0.006835 0.010782
0 0.783607 0.416491 0.006835 0.010784
0 0.735330 0.434743 0.006835 0.010743
0 0.758565 0.392994 0.009697 0.007474
0 0.838707 0.392981 0.009697 0.007474
5 0.778176 0.423645 0.017748 0.005461
5 0.811489 0.423688 0.017789 0.005461
16 0.800937 0.387240 0.015256 0.019371
16 0.802327 0.483051 0.015318 0.019360
0 0.450633 0.433086 0.009831 0.007566
0 0.441620 0.410286 0.006774 0.010834
5 0.457112 0.426986 0.004919 0.019673
0 0.404468 0.319533 0.006959 0.010763
4 0.399060 0.312345 0.017803 0.005490
4 0.436214 0.463086 0.017834 0.005394
1 0.441600 0.503754 0.006774 0.017109
0 0.390006 0.528709 0.009611 0.007497
16 0.308052 0.523520 0.015355 0.019383
1 0.278771 0.528480 0.015882 0.007543
4 0.235020 0.522265 0.004867 0.019717
0 0.200944 0.528446 0.009683 0.007520
0 0.214134 0.567383 0.006815 0.010853
5 0.208681 0.574697 0.017816 0.005577
6 0.442094 0.608718 0.006691 0.021399
6 0.384301 0.639349 0.018921 0.007383
9 0.313495 0.640894 0.013270 0.011717
10 0.421834 0.641742 0.041569 0.049591
0 0.276158 0.665503 0.009718 0.007367
