4 0.572308 0.671598 0.018406 0.006565
14 0.264886 0.179791 0.007186 0.008071
14 0.224578 0.179370 0.007616 0.008309
7 0.745744 0.705992 0.008149 0.008560
14 0.770415 0.706359 0.008155 0.008805
4 0.325932 0.518030 0.018427 0.007355
8 0.225615 0.648331 0.013543 0.008251
4 0.537488 0.517416 0.018481 0.006014
4 0.572155 0.517570 0.018343 0.006016
7 0.321093 0.754799 0.006856 0.008473
4 0.326154 0.671653 0.017953 0.006331
7 0.261205 0.648235 0.007871 0.007968
7 0.245286 0.658066 0.007295 0.008869
14 0.809970 0.706617 0.007463 0.008069
7 0.814752 0.868286 0.006938 0.008709
20 0.861643 0.699234 0.013218 0.022880
20 0.771067 0.283655 0.013230 0.022990
7 0.321147 0.704145 0.007161 0.009296
5 0.326526 0.710256 0.018446 0.005733
5 0.704523 0.721143 0.017970 0.005792
7 0.709974 0.715056 0.007258 0.008599
7 0.815035 0.459808 0.007665 0.008846
7 0.852372 0.450792 0.007968 0.008510
5 0.809479 0.465807 0.018007 0.005753
7 0.688781 0.290790 0.008013 0.007760
7 0.872303 0.290615 0.007715 0.008073
7 0.748909 0.227022 0.007840 0.008005
7 0.721867 0.165281 0.007021 0.008917
7 0.713418 0.146486 0.008841 0.007934
7 0.634864 0.128791 0.007113 0.008891
7 0.625852 0.113930 0.008802 0.007957
7 0.854648 0.136367 0.008954 0.008089
12 0.845274 0.120685 0.007842 0.015234
14 0.845495 0.105861 0.007589 0.008425
14 0.722223 0.133376 0.007513 0.008763
14 0.744193 0.117453 0.007739 0.008592
14 0.634906 0.097603 0.007741 0.008679
14 0.666543 0.071753 0.007643 0.008366
18 0.637341 0.069250 0.013442 0.022203
7 0.686510 0.062040 0.007062 0.010005
7 0.706118 0.071683 0.007941 0.007842
18 0.724435 0.114318 0.012963 0.021554
7 0.766024 0.107547 0.007326 0.009829
7 0.793590 0.117411 0.007863 0.007655
