0 0.735147 0.434762 0.007618 0.011573
0 0.864289 0.434811 0.007268 0.011291
0 0.404622 0.121525 0.006959 0.011374
0 0.441611 0.410265 0.006982 0.011447
0 0.758522 0.393017 0.010146 0.008343
0 0.317274 0.828718 0.007083 0.011090
16 0.800954 0.387398 0.016284 0.019897
4 0.398971 0.312168 0.018093 0.005753
0 0.404315 0.319545 0.007284 0.011424
1 0.441651 0.503863 0.007000 0.017326
0 0.838614 0.393010 0.010579 0.008037
0 0.379585 0.696930 0.007113 0.011163
0 0.298928 0.735345 0.009926 0.007801
0 0.200968 0.528286 0.010130 0.008114
0 0.276560 0.660560 0.010315 0.008114
0 0.259728 0.671280 0.007412 0.011086
0 0.289356 0.762914 0.007247 0.011131
5 0.374022 0.704173 0.018141 0.005945
5 0.305487 0.729258 0.005691 0.020080
1 0.238776 0.660927 0.015785 0.008171
5 0.208542 0.574537 0.018061 0.005897
0 0.214169 0.567266 0.007062 0.011291
0 0.214011 0.828651 0.006938 0.010903
0 0.472823 0.828709 0.007000 0.010926
0 0.885701 0.828731 0.006897 0.011246
0 0.379813 0.828560 0.006980 0.010949
0 0.389973 0.528606 0.009965 0.007566
1 0.279072 0.528384 0.016119 0.007986
10 0.422009 0.641909 0.042660 0.050994
6 0.441981 0.611051 0.007083 0.021646
4 0.284067 0.700149 0.019677 0.007383
6 0.384250 0.639337 0.019230 0.007589
9 0.313537 0.640926 0.013362 0.011680
4 0.235063 0.522377 0.005271 0.020206
4 0.436123 0.463120 0.018098 0.005874
16 0.308663 0.523949 0.016296 0.020011
5 0.457160 0.426963 0.005446 0.019842
0 0.450573 0.433009 0.010189 0.007655
0 0.835319 0.509970 0.006908 0.011374
0 0.767209 0.509886 0.007134 0.011543
5 0.829856 0.517257 0.017986 0.005897
5 0.761670 0.517130 0.017908 0.005813
5 0.811380 0.423696 0.018050 0.005998
5 0.778207 0.423648 0.018221 0.006062
16 0.802140 0.483272 0.016523 0.019915
0 0.816918 0.416458 0.007103 0.011120
0 0.783678 0.416407 0.007468 0.011625
