5 0.309588 0.729243 0.004966 0.019607
7 0.739284 0.122137 0.006671 0.008160
4 0.398973 0.313509 0.017661 0.005166
9 0.313496 0.640880 0.013362 0.011451
10 0.421979 0.641801 0.042639 0.049454
7 0.280146 0.659329 0.007358 0.007513
7 0.404406 0.319544 0.006630 0.008043
5 0.647027 0.728837 0.005040 0.019662
5 0.707003 0.704264 0.017865 0.005461
5 0.665908 0.704183 0.017803 0.005257
7 0.671407 0.698248 0.006730 0.008062
7 0.641642 0.734933 0.007435 0.007561
0 0.626199 0.761967 0.006691 0.010608
7 0.712454 0.698209 0.006621 0.008139
4 0.620445 0.700363 0.017706 0.005344
7 0.288868 0.771318 0.006807 0.008167
7 0.304088 0.735407 0.007307 0.007312
7 0.712461 0.831061 0.006570 0.008023
7 0.214278 0.831040 0.006733 0.008366
7 0.317377 0.830994 0.006753 0.008183
7 0.379610 0.831030 0.006780 0.008226
7 0.472658 0.831029 0.006753 0.008206
7 0.542734 0.831031 0.006700 0.008096
7 0.654646 0.830971 0.006759 0.008091
7 0.807144 0.831006 0.006794 0.008251
7 0.379365 0.698521 0.006718 0.008192
7 0.616570 0.659309 0.007214 0.007435
4 0.733937 0.313600 0.017612 0.005211
7 0.335185 0.698416 0.006718 0.008192
7 0.739484 0.319634 0.006570 0.007954
7 0.268427 0.669135 0.006691 0.008030
10 0.756104 0.642542 0.042230 0.049454
8 0.591393 0.659411 0.013084 0.007294
8 0.255098 0.659305 0.013086 0.007351
7 0.441681 0.409611 0.006693 0.007886
7 0.455923 0.433182 0.007293 0.007511
8 0.610840 0.528629 0.012580 0.007566
5 0.329698 0.704362 0.017692 0.005173
8 0.776738 0.504286 0.007048 0.014377
5 0.461365 0.426990 0.004674 0.019666
4 0.559036 0.523077 0.004711 0.019493
5 0.795920 0.432139 0.004441 0.019662
7 0.790562 0.438201 0.007173 0.007415
7 0.776498 0.415291 0.006774 0.008046
5 0.374048 0.704366 0.017785 0.005349
4 0.283203 0.700274 0.017503 0.005211
7 0.529679 0.528646 0.007309 0.007440
4 0.770743 0.468171 0.017706 0.005189
8 0.441806 0.501033 0.006815 0.014455
7 0.542761 0.569954 0.006811 0.008069
4 0.436158 0.463070 0.017550 0.005143
7 0.199767 0.528234 0.007218 0.007394
6 0.709409 0.639224 0.018901 0.007129
5 0.537243 0.576007 0.017690 0.005243
4 0.235053 0.521669 0.004715 0.019703
6 0.776808 0.611297 0.006529 0.020949
6 0.442073 0.611314 0.006938 0.021120
7 0.604889 0.669136 0.006570 0.008023
8 0.278851 0.528558 0.012456 0.007703
9 0.649857 0.641165 0.013237 0.011705
7 0.390550 0.528496 0.007371 0.007561
7 0.214027 0.568656 0.006988 0.008169
6 0.384322 0.639381 0.018921 0.007351
5 0.208606 0.574725 0.017706 0.005294
7 0.404356 0.122144 0.006611 0.008087
