5 0.665812 0.704309 0.017748 0.005509
5 0.537585 0.571246 0.017748 0.005394
5 0.208591 0.571282 0.017799 0.005605
5 0.374329 0.701326 0.017918 0.005531
5 0.329710 0.701371 0.017748 0.005531
5 0.305202 0.729512 0.004927 0.020016
4 0.283771 0.700331 0.017758 0.005509
4 0.620486 0.700297 0.017748 0.005440
4 0.436226 0.463063 0.017748 0.005440
4 0.234991 0.521669 0.004880 0.019703
4 0.770970 0.468389 0.017748 0.005486
4 0.563877 0.522240 0.004838 0.019611
0 0.472915 0.824309 0.006897 0.010217
0 0.726910 0.528583 0.010459 0.007931
0 0.654581 0.824503 0.007124 0.010880
0 0.712384 0.824491 0.006774 0.010720
0 0.807505 0.824537 0.006733 0.010857
0 0.276240 0.666571 0.009883 0.007840
0 0.739449 0.320823 0.006879 0.011109
0 0.214052 0.563885 0.006938 0.010832
0 0.298723 0.735760 0.009759 0.007383
0 0.713012 0.697063 0.006835 0.010674
0 0.635866 0.735463 0.010006 0.007657
0 0.404560 0.119783 0.006815 0.011040
0 0.200957 0.528114 0.009821 0.007680
0 0.441723 0.409703 0.006980 0.010949
0 0.404252 0.320786 0.007021 0.010907
0 0.390035 0.528766 0.009841 0.007566
0 0.529833 0.528549 0.009759 0.007589
0 0.543113 0.563966 0.006835 0.010857
0 0.259399 0.677051 0.006918 0.010880
0 0.214031 0.824560 0.006733 0.010766
0 0.288964 0.764743 0.007041 0.010949
0 0.317439 0.824571 0.006877 0.010834
0 0.626158 0.764206 0.006815 0.010971
0 0.738933 0.119783 0.006753 0.010949
0 0.596263 0.677211 0.006856 0.010880
0 0.671297 0.697166 0.006877 0.011017
0 0.785526 0.437977 0.009800 0.007703
0 0.451167 0.433833 0.009759 0.007589
0 0.613125 0.666537 0.009903 0.007589
0 0.380358 0.824171 0.008647 0.012274
0 0.379977 0.694026 0.007062 0.011184
0 0.335320 0.693909 0.006733 0.011497
10 0.756146 0.642639 0.042207 0.049397
10 0.422123 0.641749 0.042269 0.049669
6 0.442154 0.608731 0.006728 0.021440
6 0.776825 0.608856 0.006819 0.021237
6 0.709337 0.639242 0.019045 0.007445
6 0.384297 0.639361 0.019045 0.007445
9 0.313455 0.641234 0.013280 0.012229
9 0.649856 0.641339 0.013321 0.012229
1 0.575391 0.666967 0.015390 0.007506
1 0.776550 0.505993 0.006730 0.016951
1 0.441909 0.504072 0.006856 0.017150
1 0.278454 0.528469 0.015421 0.007794
16 0.308076 0.523469 0.015370 0.019326
16 0.636535 0.523394 0.015421 0.019451
1 0.612475 0.529142 0.015421 0.007678
1 0.238556 0.666960 0.015386 0.007566
0 0.542989 0.824503 0.006671 0.011017
5 0.791981 0.431989 0.004797 0.019634
5 0.733986 0.313566 0.017748 0.005417
5 0.398863 0.313582 0.017748 0.005403
5 0.457731 0.427611 0.005065 0.019749
5 0.707542 0.704320 0.017748 0.005394
5 0.642454 0.729371 0.004941 0.019794
