5 0.373964 0.704189 0.018137 0.006064
0 0.864268 0.434686 0.006815 0.010949
0 0.735320 0.434686 0.006856 0.011086
0 0.441639 0.410343 0.006893 0.011086
4 0.436226 0.463007 0.018015 0.005643
1 0.441672 0.503714 0.007371 0.017531
0 0.200899 0.528331 0.009897 0.007657
0 0.389984 0.528606 0.009656 0.007474
6 0.442135 0.611291 0.006938 0.021303
10 0.422133 0.641943 0.041837 0.050286
9 0.313506 0.640914 0.013383 0.011611
1 0.238630 0.661763 0.015658 0.007915
0 0.276333 0.661211 0.010027 0.007726
0 0.259522 0.671927 0.006877 0.010917
4 0.283858 0.700261 0.018036 0.005742
0 0.289222 0.762960 0.007103 0.011086
0 0.404560 0.121554 0.006897 0.010926
0 0.213928 0.828731 0.006815 0.010789
0 0.317202 0.828686 0.006774 0.010789
0 0.379813 0.828686 0.006856 0.010789
0 0.472905 0.828663 0.006877 0.010880
0 0.885691 0.828686 0.006918 0.010926
4 0.235042 0.522309 0.005271 0.019703
0 0.838779 0.392914 0.009903 0.007634
0 0.758534 0.392971 0.009759 0.007566
0 0.404410 0.319465 0.007363 0.011205
4 0.399084 0.312185 0.018077 0.006085
0 0.450656 0.433053 0.010276 0.007851
5 0.457181 0.427015 0.005744 0.020009
16 0.308640 0.523808 0.016391 0.020261
1 0.278984 0.528331 0.015810 0.008494
0 0.214287 0.567351 0.007284 0.011543
5 0.208747 0.574598 0.018668 0.005982
5 0.305513 0.729337 0.005540 0.020137
0 0.299017 0.735395 0.010276 0.008075
0 0.379538 0.696897 0.007159 0.011408
0 0.783722 0.416302 0.007284 0.011625
0 0.816962 0.416343 0.007286 0.011543
0 0.767263 0.509834 0.007056 0.011458
0 0.835487 0.509834 0.007058 0.011289
5 0.761810 0.517267 0.017834 0.005968
5 0.829957 0.517267 0.018093 0.006288
16 0.802155 0.483194 0.016168 0.019883
16 0.800960 0.387306 0.016074 0.019893
5 0.778190 0.423627 0.018213 0.005906
5 0.811429 0.423707 0.018213 0.006066
6 0.384291 0.639417 0.019189 0.007840
