7 0.686710 0.112640 0.006774 0.008229
7 0.535011 0.112641 0.007095 0.008053
7 0.275378 0.244697 0.007379 0.007351
7 0.560426 0.777749 0.006831 0.008160
5 0.326479 0.579269 0.017838 0.005257
4 0.529725 0.347713 0.017746 0.005250
7 0.793082 0.871931 0.006630 0.008046
7 0.302326 0.203816 0.006570 0.007957
7 0.710379 0.248478 0.007190 0.007456
7 0.389322 0.167214 0.006973 0.008247
12 0.178855 0.158997 0.007247 0.014450
14 0.279921 0.155881 0.006924 0.007941
7 0.258139 0.146110 0.006831 0.009266
18 0.300128 0.152794 0.012147 0.021173
7 0.310818 0.184994 0.008357 0.007177
7 0.337697 0.100560 0.006702 0.009335
7 0.398457 0.152303 0.008497 0.007189
14 0.302057 0.171887 0.007153 0.007687
14 0.178738 0.143663 0.007379 0.007422
7 0.169712 0.174792 0.007947 0.007449
14 0.357701 0.110179 0.006899 0.007586
7 0.230693 0.155989 0.007377 0.007474
18 0.387521 0.108375 0.013074 0.022107
14 0.389297 0.135881 0.007072 0.007497
20 0.878281 0.694491 0.013049 0.022674
20 0.200194 0.547680 0.013049 0.022720
7 0.686658 0.237506 0.006679 0.008023
7 0.318104 0.110117 0.007194 0.007515
4 0.681172 0.231440 0.017562 0.005189
4 0.565125 0.352967 0.017711 0.005294
7 0.332041 0.573394 0.006825 0.008297
7 0.825929 0.871904 0.006623 0.008023
7 0.560377 0.861891 0.006733 0.008034
4 0.554900 0.749455 0.017809 0.005456
7 0.295804 0.555271 0.007173 0.007561
4 0.490648 0.549182 0.004705 0.019717
7 0.332030 0.818717 0.006658 0.008139
7 0.792863 0.491845 0.006751 0.008105
5 0.787357 0.497874 0.017750 0.005211
7 0.822410 0.476077 0.007356 0.007376
5 0.820638 0.723966 0.017723 0.005317
7 0.826166 0.718067 0.006667 0.008053
5 0.554889 0.783685 0.017684 0.005349
7 0.855716 0.702219 0.007295 0.007410
6 0.637867 0.475993 0.025448 0.007666
7 0.535258 0.353665 0.006733 0.008053
4 0.626947 0.695997 0.004904 0.019618
