5 0.642480 0.729539 0.005388 0.020135
5 0.707667 0.704264 0.017986 0.005813
5 0.665963 0.704222 0.018069 0.006235
0 0.713003 0.697022 0.007064 0.010939
0 0.671502 0.696875 0.006903 0.011232
0 0.635896 0.735369 0.009946 0.007918
16 0.636663 0.522874 0.016574 0.019815
6 0.442145 0.613166 0.006712 0.021120
0 0.200947 0.528143 0.009841 0.007394
0 0.214124 0.563863 0.006918 0.010926
1 0.612529 0.529041 0.016028 0.008491
5 0.537622 0.571169 0.018341 0.005909
0 0.543103 0.563856 0.007272 0.011291
0 0.379893 0.693922 0.006984 0.011273
5 0.374351 0.701199 0.018128 0.005909
5 0.329737 0.701330 0.018017 0.005897
0 0.335274 0.693993 0.006829 0.011442
16 0.307776 0.523491 0.016483 0.019714
4 0.398637 0.313241 0.018093 0.006290
0 0.739454 0.320623 0.006831 0.011655
4 0.733833 0.313257 0.017960 0.006249
0 0.404199 0.320699 0.006957 0.011653
0 0.441764 0.409646 0.006856 0.011109
0 0.404550 0.119771 0.006877 0.010971
4 0.235197 0.521702 0.005662 0.020226
0 0.738933 0.119771 0.006835 0.010880
0 0.712425 0.824526 0.006856 0.010926
0 0.807433 0.824457 0.006671 0.010926
0 0.529792 0.528446 0.009759 0.007520
4 0.563962 0.522171 0.004956 0.019749
10 0.421980 0.641856 0.042473 0.051726
0 0.626189 0.764126 0.006959 0.010949
4 0.620527 0.700297 0.018077 0.005897
9 0.313445 0.640853 0.013589 0.011671
6 0.384258 0.639257 0.019461 0.008023
0 0.390045 0.528754 0.009533 0.007406
0 0.276525 0.660354 0.010056 0.007657
0 0.612858 0.660434 0.009944 0.007680
0 0.596185 0.671063 0.007054 0.011017
0 0.259605 0.671023 0.007083 0.011202
4 0.283663 0.700235 0.018139 0.005911
1 0.575201 0.660903 0.015586 0.007520
5 0.305075 0.729528 0.005209 0.020395
6 0.709368 0.639280 0.019271 0.007703
0 0.298723 0.735463 0.010089 0.008023
4 0.436103 0.463097 0.017892 0.006194
0 0.451132 0.433600 0.009944 0.007589
10 0.756383 0.642845 0.042598 0.051152
5 0.457665 0.427543 0.005320 0.019840
0 0.776539 0.417257 0.007144 0.011154
0 0.289057 0.764549 0.006980 0.011017
0 0.785495 0.437989 0.009739 0.007634
9 0.649897 0.641120 0.013568 0.011611
0 0.213949 0.824469 0.006897 0.010766
5 0.791944 0.431909 0.004954 0.019703
4 0.771155 0.468297 0.018118 0.005531
1 0.776529 0.505947 0.007124 0.017362
6 0.776838 0.611197 0.007288 0.021630
0 0.317490 0.824434 0.006938 0.010971
0 0.380101 0.824446 0.006938 0.011086
0 0.472646 0.824480 0.006943 0.010926
0 0.726807 0.528674 0.009800 0.007566
0 0.542938 0.824590 0.007227 0.011374
5 0.208493 0.571360 0.018139 0.005943
0 0.654663 0.824457 0.006918 0.010789
1 0.278485 0.528789 0.015400 0.008114
1 0.441960 0.504149 0.010912 0.018309
