5 0.666919 0.423880 0.017692 0.005145
7 0.379840 0.698144 0.006636 0.008169
17 0.688334 0.483632 0.013078 0.018875
7 0.753111 0.434149 0.006716 0.008137
17 0.688019 0.387667 0.012761 0.019326
4 0.235093 0.522315 0.004795 0.019547
8 0.254521 0.654809 0.012967 0.007456
5 0.457253 0.426927 0.004653 0.019509
7 0.267951 0.664560 0.006527 0.008206
7 0.404608 0.318464 0.006765 0.008169
5 0.399090 0.312447 0.017673 0.005470
20 0.836037 0.385624 0.013053 0.022430
7 0.279719 0.654803 0.007336 0.007353
8 0.277236 0.528289 0.012615 0.007586
9 0.313624 0.641087 0.013148 0.011614
6 0.384337 0.639371 0.018931 0.007703
7 0.300249 0.735368 0.007284 0.007573
7 0.451943 0.432969 0.007171 0.007424
7 0.389827 0.528586 0.007391 0.007719
7 0.705601 0.418024 0.006623 0.008144
10 0.421987 0.641559 0.041684 0.049362
6 0.442013 0.611250 0.006866 0.021051
7 0.214106 0.829193 0.006677 0.008037
8 0.441913 0.503101 0.006790 0.014526
7 0.317474 0.829131 0.006765 0.008023
7 0.380281 0.829078 0.006796 0.007952
5 0.208415 0.574640 0.017846 0.005326
5 0.700044 0.424009 0.017737 0.005166
7 0.472853 0.829122 0.006566 0.008142
7 0.214078 0.568523 0.006623 0.008023
7 0.773488 0.829049 0.006679 0.008146
5 0.650452 0.516842 0.017717 0.005278
7 0.289225 0.762216 0.006813 0.008139
5 0.329471 0.704213 0.017739 0.005426
7 0.334910 0.698218 0.006700 0.008139
5 0.718795 0.516880 0.017737 0.005463
7 0.624177 0.434113 0.006683 0.008117
7 0.648535 0.392935 0.007225 0.007429
7 0.727603 0.393018 0.007293 0.007440
7 0.404231 0.118453 0.006621 0.007963
4 0.283848 0.700302 0.017521 0.005385
7 0.724242 0.511021 0.006735 0.008203
4 0.436140 0.463086 0.017595 0.005166
7 0.201872 0.528376 0.007375 0.007435
5 0.374402 0.704217 0.017678 0.005600
7 0.672479 0.418017 0.006568 0.008144
7 0.655971 0.510942 0.006733 0.008059
5 0.305571 0.729189 0.004731 0.019703
7 0.441655 0.410834 0.006679 0.007954
