17 0.632334 0.181416 0.012771 0.018992
4 0.418952 0.736943 0.004591 0.019554
0 0.636551 0.886819 0.006716 0.010608
0 0.683766 0.749464 0.009627 0.007294
0 0.636653 0.759202 0.006702 0.010853
0 0.729594 0.887072 0.006675 0.010441
4 0.533833 0.743691 0.004746 0.019744
0 0.478557 0.886887 0.006815 0.010711
5 0.631175 0.766423 0.017816 0.005513
4 0.470685 0.377429 0.017708 0.005294
4 0.596213 0.160814 0.017692 0.005358
7 0.493000 0.316031 0.007490 0.007440
7 0.480898 0.306230 0.006621 0.008139
4 0.475576 0.300190 0.017737 0.005513
4 0.533837 0.439094 0.004651 0.019518
7 0.601709 0.262528 0.006811 0.008293
4 0.596244 0.256577 0.017474 0.005520
7 0.577980 0.231781 0.006790 0.008073
7 0.590281 0.187335 0.007389 0.007447
4 0.343259 0.728549 0.017739 0.005349
7 0.348620 0.734626 0.006858 0.008229
7 0.679231 0.262482 0.006751 0.008206
4 0.673756 0.256582 0.017791 0.005826
7 0.228464 0.743019 0.007474 0.007456
7 0.348570 0.235215 0.006570 0.007902
4 0.776564 0.289095 0.017739 0.005591
0 0.729805 0.456245 0.006858 0.010757
7 0.782012 0.295263 0.006514 0.008203
5 0.724287 0.463425 0.017579 0.005515
7 0.214759 0.277958 0.007192 0.007458
0 0.775686 0.445264 0.009489 0.007598
7 0.241665 0.237122 0.006788 0.008082
7 0.696210 0.231726 0.006469 0.007863
14 0.297136 0.143410 0.006905 0.007982
7 0.781559 0.389296 0.006811 0.008297
4 0.776192 0.383320 0.017737 0.005520
7 0.687124 0.187279 0.007251 0.007440
7 0.876203 0.359597 0.006803 0.008030
7 0.757830 0.359578 0.006844 0.008085
7 0.858136 0.389378 0.006636 0.008242
4 0.852589 0.383215 0.017754 0.005570
17 0.633214 0.277352 0.012942 0.018933
7 0.722398 0.113062 0.006623 0.008144
7 0.902700 0.145465 0.006574 0.008119
7 0.770301 0.315145 0.007515 0.007287
7 0.867129 0.315121 0.007332 0.007353
7 0.857836 0.295202 0.006679 0.008206
4 0.852415 0.289185 0.017628 0.005529
7 0.678739 0.166893 0.006636 0.008386
17 0.812405 0.309686 0.012827 0.019056
7 0.601794 0.166853 0.006908 0.008402
7 0.170081 0.189082 0.007332 0.007440
12 0.118365 0.187856 0.007173 0.014441
4 0.473239 0.785807 0.017690 0.005566
15 0.240097 0.187729 0.012712 0.023783
17 0.813337 0.405427 0.013074 0.019175
7 0.257412 0.143305 0.007474 0.007456
14 0.241459 0.205203 0.006936 0.007527
7 0.328703 0.200457 0.006765 0.007950
15 0.328088 0.142144 0.015893 0.023442
20 0.854163 0.437223 0.013049 0.022606
20 0.519220 0.308457 0.013033 0.022674
7 0.250249 0.218314 0.008120 0.007353
7 0.337711 0.185573 0.008030 0.007497
14 0.219496 0.189047 0.006860 0.007877
14 0.328554 0.169163 0.007192 0.007561
14 0.277164 0.133734 0.006623 0.008926
14 0.118206 0.163713 0.006965 0.007659
7 0.197627 0.179249 0.006623 0.009360
7 0.108879 0.208117 0.008308 0.007264
