7 0.091692 0.199577 0.007721 0.007794
7 0.344194 0.100099 0.008750 0.007678
14 0.335228 0.083154 0.007083 0.007817
7 0.260377 0.199911 0.007556 0.007447
0 0.158972 0.453231 0.009975 0.007733
14 0.281337 0.453125 0.007579 0.007899
14 0.317687 0.452910 0.007122 0.008498
14 0.303683 0.057429 0.007087 0.007749
14 0.124881 0.090930 0.007266 0.008251
7 0.752059 0.073029 0.007227 0.009051
4 0.630142 0.667383 0.005477 0.020023
4 0.629768 0.755071 0.005388 0.020222
14 0.672259 0.761415 0.007313 0.007863
4 0.709286 0.755737 0.005230 0.019863
19 0.818499 0.604743 0.014186 0.008663
0 0.673502 0.923397 0.010377 0.007936
19 0.790004 0.616729 0.007515 0.014907
0 0.637286 0.958961 0.006959 0.011175
4 0.745246 0.795973 0.019349 0.006693
2 0.834858 0.829253 0.007612 0.018313
2 0.742310 0.824789 0.008318 0.018034
2 0.753582 0.834937 0.007803 0.018309
2 0.777846 0.810617 0.016224 0.008434
2 0.801554 0.829086 0.007680 0.017714
0 0.375837 0.853577 0.006905 0.011383
2 0.852939 0.810697 0.016494 0.008686
2 0.881799 0.834823 0.008030 0.018171
4 0.381582 0.760126 0.018054 0.006194
2 0.853418 0.887314 0.007721 0.018469
4 0.404046 0.758523 0.018015 0.006053
2 0.784847 0.887166 0.008071 0.018354
7 0.794147 0.179095 0.007976 0.007982
4 0.605405 0.796331 0.018303 0.006377
0 0.322473 0.730023 0.010356 0.007840
0 0.305631 0.740571 0.007144 0.011291
1 0.284728 0.730528 0.015925 0.008037
7 0.283692 0.047706 0.006873 0.009557
4 0.708695 0.172032 0.005242 0.019959
4 0.327074 0.447718 0.005353 0.019915
7 0.217562 0.525073 0.007906 0.008917
0 0.179441 0.526171 0.007142 0.010971
4 0.431540 0.620377 0.005357 0.020046
4 0.605350 0.639090 0.018112 0.006043
4 0.767984 0.597829 0.005930 0.020434
7 0.256986 0.127303 0.008779 0.007703
14 0.477902 0.179533 0.007177 0.007915
7 0.179490 0.291735 0.007883 0.008754
14 0.441412 0.179611 0.007313 0.008183
4 0.327146 0.285549 0.005456 0.020254
4 0.383652 0.223531 0.018242 0.005966
7 0.115544 0.122042 0.008765 0.007961
16 0.816592 0.864859 0.016284 0.020137
16 0.816319 0.804928 0.016393 0.020137
5 0.642729 0.941618 0.018133 0.005947
0 0.637300 0.934329 0.007031 0.011360
14 0.700545 0.761466 0.007748 0.008368
4 0.743800 0.639166 0.018503 0.006286
14 0.247967 0.118957 0.007245 0.008583
0 0.375784 0.792106 0.006994 0.011376
5 0.381245 0.799442 0.017865 0.005911
5 0.184761 0.471576 0.017960 0.005758
0 0.179292 0.463361 0.006893 0.011234
5 0.212179 0.307645 0.018268 0.005899
7 0.217624 0.301624 0.007202 0.008971
4 0.757598 0.164397 0.018215 0.005968
7 0.752097 0.170539 0.007336 0.008987
18 0.333426 0.054983 0.012909 0.021280
18 0.246088 0.100171 0.012621 0.021326
12 0.124861 0.105657 0.007474 0.014523
7 0.212106 0.093862 0.007206 0.008345
21 0.142572 0.285207 0.015265 0.022821
21 0.732499 0.916263 0.015380 0.022880
20 0.193051 0.193154 0.012950 0.022651
21 0.123585 0.445931 0.015421 0.023109
7 0.264098 0.057303 0.007711 0.007771
7 0.196562 0.102960 0.007536 0.007749
14 0.225932 0.103007 0.007227 0.007838
7 0.335300 0.114411 0.006815 0.008571
7 0.248209 0.137040 0.007021 0.008480
7 0.221289 0.157657 0.007453 0.007611
