5 0.374117 0.704400 0.017877 0.005463
5 0.305607 0.729297 0.004873 0.019600
10 0.422178 0.641720 0.042322 0.049817
6 0.384270 0.639288 0.019024 0.007664
6 0.442104 0.608754 0.006712 0.021166
0 0.390038 0.528637 0.009671 0.007582
16 0.308810 0.523051 0.015425 0.019360
1 0.276733 0.528697 0.015396 0.007703
1 0.441972 0.503952 0.006770 0.016969
4 0.436175 0.463074 0.017665 0.005371
0 0.441616 0.410377 0.006823 0.010697
0 0.450649 0.432926 0.009841 0.007566
5 0.457247 0.426907 0.004838 0.019694
0 0.404663 0.319920 0.006815 0.010811
4 0.399187 0.312440 0.017686 0.005589
4 0.235042 0.522411 0.005024 0.019730
0 0.214163 0.567322 0.006708 0.010805
0 0.202971 0.530286 0.020589 0.019049
1 0.245604 0.661777 0.015483 0.007541
0 0.262730 0.673280 0.006761 0.010743
0 0.276073 0.662129 0.009691 0.007536
4 0.283694 0.700331 0.017883 0.005600
0 0.379596 0.697038 0.006918 0.010615
5 0.208613 0.574621 0.017721 0.005497
0 0.299053 0.735383 0.009759 0.007497
0 0.289229 0.763023 0.006755 0.010731
0 0.214350 0.826495 0.006630 0.010704
0 0.317859 0.826497 0.006819 0.010704
0 0.380111 0.826518 0.006877 0.010704
0 0.472860 0.826543 0.006844 0.010823
